Montage 25 1.0
Montage 50 1.0
Montage 100 1.0
CyberShake 30 1.0
CyberShake 50 1.0
CyberShake 100 1.0
Epigenomics 24 1.0
Epigenomics 47 1.0
Epigenomics 100 1.0
Ligo 30 1.0
Ligo 50 1.0
Ligo 100 1.0
gaussian 9 1.0
gaussian 209 1.0
gaussian 324 1.0
fft 40 1.0
fft 96 1.0
fft 224 1.0

Montage 25 1.0 28.71480 0.00000 28.71480 4.60400 761
Montage 50 1.0 58.25543 0.00000 63.53232 13.40000 1240
Montage 100 1.0 105.21427 0.00500 105.21427 65.49800 2199
CyberShake 30 1.0 171.00667 0.00000 171.00667 5.17400 697
CyberShake 50 1.0 196.14333 0.00500 196.14333 14.36000 1055
CyberShake 100 1.0 250.31558 0.00500 301.71665 84.89500 1843
Epigenomics 24 1.0 2540.19850 0.00500 2383.14754 2.80800 484
Epigenomics 47 1.0 4346.22972 0.00200 4942.49114 8.72700 954
Epigenomics 100 1.0 35669.69477 0.00700 40618.88258 38.94500 1306
Ligo 30 1.0 699.02291 0.00300 699.02291 5.22100 801
Ligo 50 1.0 1027.01574 0.01600 1027.01574 9.85900 990
Ligo 100 1.0 1774.48000 0.00500 2206.46516 33.79800 1402
gaussian 9 1.0 8.54243 0.00100 8.54243 1.00000 227
gaussian 209 1.0 80.12632 0.00800 86.09429 120.48700 3337
gaussian 324 1.0 123.43652 0.00500 131.11083 284.52700 4760
fft 40 1.0 17.83966 0.00000 19.86242 7.57900 874
fft 96 1.0 35.64892 0.00400 39.34304 33.54900 1746
fft 224 1.0 72.35609 0.01300 74.88576 166.17300 2399