Montage 25 1.0 28.50410 5.28217 233 
Montage 25 1.0 28.54624 5.27589 249 
Montage 25 1.0 28.50410 5.29938 188 
Montage 25 1.0 28.54624 5.29772 190 
Montage 25 1.0 28.54624 5.27939 224 
Montage 25 1.0 28.50410 5.29082 193 
Montage 25 1.0 28.54624 5.27436 224 
Montage 25 1.0 28.54624 5.30055 195 
Montage 25 1.0 28.54624 5.27708 219 
Montage 25 1.0 28.54624 5.28508 199 
Montage 25 1.0 28.54624 5.28162 201 
Montage 25 1.0 28.50410 5.28008 173 
Montage 25 1.0 28.54624 5.28070 193 
Montage 25 1.0 28.54624 5.28088 205 
Montage 25 1.0 28.54624 5.29854 191 
Montage 25 1.0 28.54624 5.28413 190 
Montage 25 1.0 28.50410 5.28531 261 
Montage 25 1.0 28.54624 5.27769 247 
Montage 25 1.0 28.54624 5.29420 195 
Montage 25 1.0 28.58701 5.27732 201 
Montage 25 1.0 28.50410 5.30325 250 
Montage 25 1.0 28.54624 5.28329 230 
Montage 25 1.0 28.54624 5.28435 204 
Montage 25 1.0 28.50410 5.28328 231 
Montage 25 1.0 28.50410 5.27656 241 
Montage 25 1.0 28.54624 5.28609 246 
Montage 25 1.0 28.54624 5.28434 243 
Montage 25 1.0 28.54624 5.28338 209 
Montage 25 1.0 28.50410 5.28155 245 
Montage 25 1.0 28.54624 5.28200 261 
Montage 25 1.0 28.54624 5.27582 220 
Montage 25 1.0 28.54624 5.28462 206 
Montage 25 1.0 28.50410 5.28511 288 
Montage 25 1.0 28.50410 5.27905 276 
Montage 25 1.0 28.54624 5.27539 216 
Montage 25 1.0 28.54624 5.27806 183 
Montage 25 1.0 28.50410 5.29090 229 
Montage 25 1.0 28.50410 5.28277 278 
Montage 25 1.0 28.50410 5.29050 223 
Montage 25 1.0 28.50410 5.29232 209 
Montage 25 1.0 28.50410 5.28223 216 
Montage 25 1.0 28.50410 5.28415 244 
Montage 25 1.0 28.50410 5.29310 237 
Montage 25 1.0 28.54624 5.27903 234 
Montage 25 1.0 28.50410 5.28353 245 
Montage 25 1.0 28.54624 5.29213 245 
Montage 25 1.0 28.50410 5.28149 211 
Montage 25 1.0 28.50410 5.27873 224 
Montage 25 1.0 28.54624 5.29913 237 
Montage 25 1.0 28.54624 5.29238 233 
Montage 25 1.0 28.54624 5.28632 219 
Montage 25 1.0 28.54624 5.28554 202 
Montage 25 1.0 28.54624 5.27410 231 
Montage 25 1.0 28.54624 5.29302 281 
Montage 25 1.0 28.50410 5.27980 221 
Montage 25 1.0 28.50410 5.28068 212 
Montage 25 1.0 28.54624 5.28812 180 
Montage 25 1.0 28.50410 5.29310 255 
Montage 25 1.0 28.54624 5.27705 273 
Montage 25 1.0 28.50410 5.27888 230 
Montage 25 1.0 28.50410 5.27460 272 
Montage 25 1.0 28.54624 5.28870 267 
Montage 25 1.0 28.54624 5.27740 253 
Montage 25 1.0 28.54624 5.28246 212 
Montage 25 1.0 28.54624 5.28245 203 
Montage 25 1.0 28.54624 5.27531 244 
Montage 25 1.0 28.54624 5.27772 259 
Montage 25 1.0 28.54624 5.27595 213 
Montage 25 1.0 28.50410 5.29208 212 
Montage 25 1.0 28.50410 5.27938 270 
Montage 25 1.0 28.54624 5.30405 270 
Montage 25 1.0 28.54624 5.28835 206 
Montage 25 1.0 28.54624 5.28684 254 
Montage 25 1.0 28.54624 5.27710 224 
Montage 25 1.0 28.54624 5.29875 189 
Montage 25 1.0 28.50410 5.29145 179 
Montage 25 1.0 28.54624 5.28344 192 
Montage 25 1.0 28.54624 5.28381 191 
Montage 25 1.0 28.54624 5.27433 188 
Montage 25 1.0 28.50410 5.28024 212 
Montage 25 1.0 28.58701 5.29308 208 
Montage 25 1.0 28.54624 5.30203 191 
Montage 25 1.0 28.54624 5.29728 193 
Montage 25 1.0 28.54624 5.29342 207 
Montage 25 1.0 28.54624 5.29049 206 
Montage 25 1.0 28.50410 5.27788 197 
Montage 25 1.0 28.54624 5.28306 186 
Montage 25 1.0 28.50410 5.27575 236 
Montage 25 1.0 28.54624 5.28838 258 
Montage 25 1.0 28.50410 5.28560 274 
Montage 25 1.0 28.50410 5.27424 197 
Montage 25 1.0 28.54624 5.29979 215 
Montage 25 1.0 28.50410 5.27994 214 
Montage 25 1.0 28.54624 5.27888 222 
Montage 25 1.0 28.50410 5.28501 221 
Montage 25 1.0 28.54624 5.29671 229 
Montage 25 1.0 28.54624 5.27738 234 
Montage 25 1.0 28.54624 5.28133 303 
Montage 25 1.0 28.54624 5.29270 231 
Montage 25 1.0 28.54624 5.28343 199 
Montage 50 1.0 52.92749 19.56010 316 
Montage 50 1.0 52.96749 19.59505 310 
Montage 50 1.0 53.05749 19.57767 368 
Montage 50 1.0 53.09749 19.57595 427 
Montage 50 1.0 52.92749 19.60906 349 
Montage 50 1.0 52.92749 19.54723 261 
Montage 50 1.0 53.06749 19.60206 260 
Montage 50 1.0 53.09749 19.59400 256 
Montage 50 1.0 52.92749 19.57137 265 
Montage 50 1.0 52.92749 19.61613 258 
Montage 50 1.0 53.01749 19.58973 257 
Montage 50 1.0 52.96749 19.59203 258 
Montage 50 1.0 52.93377 19.60643 266 
Montage 50 1.0 52.98749 19.58912 258 
Montage 50 1.0 53.07757 19.57612 261 
Montage 50 1.0 53.01749 19.55851 265 
Montage 50 1.0 53.01749 19.59489 253 
Montage 50 1.0 53.07757 19.55812 255 
Montage 50 1.0 52.98749 19.55324 260 
Montage 50 1.0 53.07749 19.55279 279 
Montage 50 1.0 53.10749 19.55623 268 
Montage 50 1.0 53.00749 19.57231 267 
Montage 50 1.0 52.98749 19.55436 254 
Montage 50 1.0 53.03726 19.57879 263 
Montage 50 1.0 53.05757 19.59366 263 
Montage 50 1.0 53.05749 19.58804 265 
Montage 50 1.0 52.98749 19.59878 262 
Montage 50 1.0 52.92749 19.58346 264 
Montage 50 1.0 52.98749 19.54756 260 
Montage 50 1.0 53.01749 19.56314 269 
Montage 50 1.0 52.95749 19.57719 270 
Montage 50 1.0 52.95749 19.58032 263 
Montage 50 1.0 52.95749 19.58931 272 
Montage 50 1.0 52.92749 19.56263 272 
Montage 50 1.0 52.96749 19.59551 263 
Montage 50 1.0 53.13749 19.56821 256 
Montage 50 1.0 53.06749 19.54596 272 
Montage 50 1.0 52.95749 19.59708 266 
Montage 50 1.0 52.92749 19.58939 259 
Montage 50 1.0 53.03749 19.55892 266 
Montage 50 1.0 53.03749 19.55224 264 
Montage 50 1.0 53.01749 19.56809 274 
Montage 50 1.0 52.95749 19.55749 254 
Montage 50 1.0 53.01749 19.56483 271 
Montage 50 1.0 53.04749 19.57859 262 
Montage 50 1.0 52.98749 19.55190 261 
Montage 50 1.0 53.00757 19.56991 267 
Montage 50 1.0 52.98749 19.56875 268 
Montage 50 1.0 53.01749 19.56859 266 
Montage 50 1.0 52.95749 19.57728 264 
Montage 50 1.0 52.98749 19.58162 269 
Montage 50 1.0 52.95749 19.56736 258 
Montage 50 1.0 53.07749 19.56211 266 
Montage 50 1.0 53.04749 19.55410 264 
Montage 50 1.0 53.06749 19.56264 266 
Montage 50 1.0 53.09749 19.58280 270 
Montage 50 1.0 53.18749 19.59324 260 
Montage 50 1.0 53.09749 19.55461 278 
Montage 50 1.0 52.95757 19.57278 255 
Montage 50 1.0 52.95749 19.55186 272 
Montage 50 1.0 53.00749 19.56124 255 
Montage 50 1.0 52.92749 19.60169 258 
Montage 50 1.0 53.18749 19.59835 264 
Montage 50 1.0 53.06749 19.58890 265 
Montage 50 1.0 53.06757 19.57861 265 
Montage 50 1.0 52.95749 19.55339 257 
Montage 50 1.0 53.00749 19.57427 265 
Montage 50 1.0 53.00749 19.58850 252 
Montage 50 1.0 52.98749 19.60093 268 
Montage 50 1.0 53.00749 19.55344 345 
Montage 50 1.0 53.06757 19.55735 351 
Montage 50 1.0 52.92757 19.54735 367 
Montage 50 1.0 53.12749 19.59454 360 
Montage 50 1.0 53.09749 19.55076 350 
Montage 50 1.0 53.01749 19.57380 366 
Montage 50 1.0 53.09749 19.56576 375 
Montage 50 1.0 52.95757 19.55068 338 
Montage 50 1.0 53.01749 19.57247 347 
Montage 50 1.0 53.10749 19.55635 340 
Montage 50 1.0 53.01749 19.57210 371 
Montage 50 1.0 53.01757 19.56545 345 
Montage 50 1.0 52.92749 19.60494 343 
Montage 50 1.0 52.98757 19.54973 337 
Montage 50 1.0 53.03749 19.57662 363 
Montage 50 1.0 52.97899 19.58553 360 
Montage 50 1.0 52.92749 19.57823 337 
Montage 50 1.0 52.92749 19.54974 360 
Montage 50 1.0 52.98749 19.56350 325 
Montage 50 1.0 53.05749 19.56107 354 
Montage 50 1.0 52.95749 19.55334 327 
Montage 50 1.0 52.92749 19.54976 337 
Montage 50 1.0 52.98749 19.57050 371 
Montage 50 1.0 52.98749 19.55940 360 
Montage 50 1.0 53.09749 19.54660 334 
Montage 50 1.0 52.92749 19.57127 318 
Montage 50 1.0 53.11757 19.58505 262 
Montage 50 1.0 53.03902 19.55208 266 
Montage 50 1.0 52.97757 19.61108 257 
Montage 50 1.0 53.06749 19.61152 275 
Montage 50 1.0 53.07749 19.57550 266 
Montage 100 1.0 103.24775 102.11189 408 
Montage 100 1.0 103.26698 102.04971 411 
Montage 100 1.0 103.09698 102.07920 421 
Montage 100 1.0 103.26460 102.03647 412 
Montage 100 1.0 103.28586 102.02055 415 
Montage 100 1.0 103.29227 102.22415 395 
Montage 100 1.0 102.95198 102.20630 409 
Montage 100 1.0 103.27441 102.02382 413 
Montage 100 1.0 102.98198 102.07687 416 
Montage 100 1.0 103.33275 102.11884 440 
Montage 100 1.0 103.30516 102.07800 471 
Montage 100 1.0 103.05919 102.08868 479 
Montage 100 1.0 103.16698 102.01927 466 
Montage 100 1.0 103.26919 102.08312 476 
Montage 100 1.0 103.25595 102.18472 427 
Montage 100 1.0 103.11253 102.01451 412 
Montage 100 1.0 102.84698 102.05736 424 
Montage 100 1.0 103.26775 102.02139 412 
Montage 100 1.0 103.29698 102.08786 410 
Montage 100 1.0 103.22284 102.07866 411 
Montage 100 1.0 103.19003 102.16557 415 
Montage 100 1.0 103.32698 102.08155 409 
Montage 100 1.0 103.61253 102.15701 410 
Montage 100 1.0 102.98919 102.10426 424 
Montage 100 1.0 103.27941 102.01862 422 
Montage 100 1.0 103.26428 102.08307 475 
Montage 100 1.0 103.29525 102.16156 465 
Montage 100 1.0 103.24239 102.03236 464 
Montage 100 1.0 103.23698 102.05467 464 
Montage 100 1.0 103.10198 102.03127 448 
Montage 100 1.0 103.23698 102.12237 412 
Montage 100 1.0 103.26698 102.14120 413 
Montage 100 1.0 103.30003 102.15602 415 
Montage 100 1.0 102.92253 102.11008 419 
Montage 100 1.0 103.18198 102.12910 409 
Montage 100 1.0 103.31697 102.03637 411 
Montage 100 1.0 103.26775 102.11131 416 
Montage 100 1.0 103.24170 102.14683 414 
Montage 100 1.0 103.17753 102.07533 412 
Montage 100 1.0 103.20698 102.10103 416 
Montage 100 1.0 103.18698 102.03859 465 
Montage 100 1.0 103.26698 102.14724 482 
Montage 100 1.0 103.23919 102.10789 470 
Montage 100 1.0 103.61496 102.04568 470 
Montage 100 1.0 103.22753 102.10272 463 
Montage 100 1.0 103.30503 102.17751 427 
Montage 100 1.0 103.10404 102.07258 414 
Montage 100 1.0 103.30349 102.04545 412 
Montage 100 1.0 103.28413 102.17941 408 
Montage 100 1.0 103.21311 102.04972 419 
Montage 100 1.0 102.77198 102.03390 410 
Montage 100 1.0 103.24698 102.19219 411 
Montage 100 1.0 103.29497 102.21149 416 
Montage 100 1.0 102.89996 102.01516 412 
Montage 100 1.0 103.23698 102.18753 408 
Montage 100 1.0 102.99698 102.00384 441 
Montage 100 1.0 103.26198 102.14499 474 
Montage 100 1.0 103.24837 102.08720 470 
Montage 100 1.0 103.22698 102.01435 478 
Montage 100 1.0 103.27137 102.09208 460 
Montage 100 1.0 103.04698 102.00649 448 
Montage 100 1.0 103.25811 102.06720 408 
Montage 100 1.0 103.29329 102.01936 411 
Montage 100 1.0 103.30698 102.13176 402 
Montage 100 1.0 103.25170 102.22768 407 
Montage 100 1.0 103.22080 102.10441 415 
Montage 100 1.0 103.27698 102.08287 414 
Montage 100 1.0 103.26198 102.21671 410 
Montage 100 1.0 103.12919 102.09897 416 
Montage 100 1.0 103.26698 102.07536 410 
Montage 100 1.0 103.25198 102.04071 415 
Montage 100 1.0 103.24698 102.03531 480 
Montage 100 1.0 103.08206 102.09923 480 
Montage 100 1.0 103.21698 102.04363 471 
Montage 100 1.0 103.24198 102.11674 469 
Montage 100 1.0 103.26937 101.99894 469 
Montage 100 1.0 103.24698 102.18672 414 
Montage 100 1.0 103.17198 102.16988 411 
Montage 100 1.0 103.23433 102.05402 417 
Montage 100 1.0 103.26170 102.02793 408 
Montage 100 1.0 103.26793 102.09633 409 
Montage 100 1.0 103.27698 102.17234 416 
Montage 100 1.0 103.26253 102.04241 404 
Montage 100 1.0 103.00198 102.03239 417 
Montage 100 1.0 103.32419 102.09118 410 
Montage 100 1.0 103.25253 102.21018 404 
Montage 100 1.0 103.25775 102.09236 446 
Montage 100 1.0 103.35943 102.00295 464 
Montage 100 1.0 103.30170 102.15155 482 
Montage 100 1.0 103.24170 102.15669 457 
Montage 100 1.0 103.32198 102.11887 466 
Montage 100 1.0 103.23198 102.07635 428 
Montage 100 1.0 103.22698 102.15845 410 
Montage 100 1.0 103.29698 102.20472 417 
Montage 100 1.0 103.21747 102.15070 413 
Montage 100 1.0 103.30080 102.06459 413 
Montage 100 1.0 103.17698 102.06876 406 
Montage 100 1.0 103.29580 102.02819 410 
Montage 100 1.0 103.17137 102.15992 404 
Montage 100 1.0 103.03587 102.19567 412 
CyberShake 30 1.0 156.12667 8.02530 226 
CyberShake 30 1.0 156.12667 8.02983 234 
CyberShake 30 1.0 156.12667 8.01234 248 
CyberShake 30 1.0 156.12667 8.01129 229 
CyberShake 30 1.0 156.12667 8.01171 212 
CyberShake 30 1.0 156.12667 8.01118 245 
CyberShake 30 1.0 156.12667 8.00452 249 
CyberShake 30 1.0 156.12667 8.00891 215 
CyberShake 30 1.0 156.12667 8.01275 228 
CyberShake 30 1.0 156.12667 8.01301 230 
CyberShake 30 1.0 156.12667 8.02854 225 
CyberShake 30 1.0 156.12667 8.00507 257 
CyberShake 30 1.0 156.12667 8.02967 221 
CyberShake 30 1.0 156.12667 8.00411 233 
CyberShake 30 1.0 156.12667 8.00831 248 
CyberShake 30 1.0 156.12667 8.00375 217 
CyberShake 30 1.0 156.12667 8.00791 233 
CyberShake 30 1.0 156.12667 8.01372 233 
CyberShake 30 1.0 156.12667 8.02354 226 
CyberShake 30 1.0 156.12667 8.02709 236 
CyberShake 30 1.0 156.12667 8.01594 224 
CyberShake 30 1.0 156.12667 8.01718 221 
CyberShake 30 1.0 156.12667 8.03468 223 
CyberShake 30 1.0 156.12667 8.01984 235 
CyberShake 30 1.0 156.12667 8.00481 217 
CyberShake 30 1.0 156.12667 8.00905 245 
CyberShake 30 1.0 156.12667 8.00365 263 
CyberShake 30 1.0 156.12667 8.02126 267 
CyberShake 30 1.0 156.12667 8.03845 282 
CyberShake 30 1.0 156.12667 8.01130 265 
CyberShake 30 1.0 156.12667 8.01349 242 
CyberShake 30 1.0 156.12667 7.99891 264 
CyberShake 30 1.0 156.12667 8.00207 284 
CyberShake 30 1.0 156.12667 8.00583 278 
CyberShake 30 1.0 156.12667 7.99761 325 
CyberShake 30 1.0 156.12667 8.01218 317 
CyberShake 30 1.0 156.12667 8.01801 273 
CyberShake 30 1.0 156.12667 8.00399 282 
CyberShake 30 1.0 156.12667 7.99939 311 
CyberShake 30 1.0 156.12667 8.01374 312 
CyberShake 30 1.0 156.12667 8.00812 301 
CyberShake 30 1.0 156.12667 8.00632 300 
CyberShake 30 1.0 156.12667 8.03472 315 
CyberShake 30 1.0 156.12667 8.01103 260 
CyberShake 30 1.0 156.12667 8.03247 305 
CyberShake 30 1.0 156.12667 8.00150 302 
CyberShake 30 1.0 156.12667 7.99703 280 
CyberShake 30 1.0 156.12667 8.01205 306 
CyberShake 30 1.0 156.12667 7.99969 326 
CyberShake 30 1.0 156.12667 8.01574 272 
CyberShake 30 1.0 156.12667 8.01536 282 
CyberShake 30 1.0 156.12667 8.02448 223 
CyberShake 30 1.0 156.12667 8.03008 232 
CyberShake 30 1.0 156.12667 8.03115 264 
CyberShake 30 1.0 156.12667 8.01435 279 
CyberShake 30 1.0 156.12667 7.99974 281 
CyberShake 30 1.0 156.12667 8.00618 282 
CyberShake 30 1.0 156.12667 8.00512 253 
CyberShake 30 1.0 156.12667 8.01305 255 
CyberShake 30 1.0 156.12667 8.00215 275 
CyberShake 30 1.0 156.12667 8.00931 309 
CyberShake 30 1.0 156.12667 8.01907 309 
CyberShake 30 1.0 156.12667 8.01506 311 
CyberShake 30 1.0 156.12667 8.01715 335 
CyberShake 30 1.0 156.12667 8.01617 286 
CyberShake 30 1.0 156.12667 8.02668 294 
CyberShake 30 1.0 156.12667 8.00910 257 
CyberShake 30 1.0 156.12667 8.01156 284 
CyberShake 30 1.0 156.12667 8.00563 280 
CyberShake 30 1.0 156.12667 7.99928 256 
CyberShake 30 1.0 156.12667 8.00771 243 
CyberShake 30 1.0 156.12667 7.99875 273 
CyberShake 30 1.0 156.12667 8.00729 239 
CyberShake 30 1.0 156.12667 8.01810 274 
CyberShake 30 1.0 156.12667 8.01071 276 
CyberShake 30 1.0 156.12667 8.00411 263 
CyberShake 30 1.0 156.12667 8.00894 311 
CyberShake 30 1.0 156.12667 8.02912 289 
CyberShake 30 1.0 156.12667 8.01941 289 
CyberShake 30 1.0 156.12667 7.99708 243 
CyberShake 30 1.0 156.12667 8.02098 283 
CyberShake 30 1.0 156.12667 8.00781 285 
CyberShake 30 1.0 156.12667 8.01602 262 
CyberShake 30 1.0 156.12667 8.02856 306 
CyberShake 30 1.0 156.12667 8.01756 271 
CyberShake 30 1.0 156.12667 8.01941 243 
CyberShake 30 1.0 156.12667 8.01977 277 
CyberShake 30 1.0 156.12667 7.99834 255 
CyberShake 30 1.0 156.12667 8.00594 279 
CyberShake 30 1.0 156.12667 8.02115 261 
CyberShake 30 1.0 156.12667 8.01633 253 
CyberShake 30 1.0 156.12667 8.01242 246 
CyberShake 30 1.0 156.12667 8.00552 232 
CyberShake 30 1.0 156.12667 8.02226 249 
CyberShake 30 1.0 156.12667 8.01962 245 
CyberShake 30 1.0 156.12667 8.02179 253 
CyberShake 30 1.0 156.12667 7.99957 234 
CyberShake 30 1.0 156.12667 8.02224 230 
CyberShake 30 1.0 156.12667 8.00421 229 
CyberShake 30 1.0 156.12667 8.01667 215 
CyberShake 50 1.0 179.93769 22.44572 263 
CyberShake 50 1.0 179.93769 22.45084 266 
CyberShake 50 1.0 179.93769 22.44177 268 
CyberShake 50 1.0 179.93769 22.43173 271 
CyberShake 50 1.0 180.05333 22.40845 265 
CyberShake 50 1.0 181.89000 22.40656 270 
CyberShake 50 1.0 179.93769 22.43154 269 
CyberShake 50 1.0 179.67333 22.47661 270 
CyberShake 50 1.0 179.67333 22.44436 264 
CyberShake 50 1.0 179.67333 22.44259 271 
CyberShake 50 1.0 179.93769 22.46869 267 
CyberShake 50 1.0 179.95333 22.46021 270 
CyberShake 50 1.0 181.71333 22.42962 266 
CyberShake 50 1.0 179.93769 22.42184 271 
CyberShake 50 1.0 179.95333 22.45356 267 
CyberShake 50 1.0 179.93769 22.43265 273 
CyberShake 50 1.0 181.40834 22.47083 260 
CyberShake 50 1.0 179.93769 22.40658 271 
CyberShake 50 1.0 179.93769 22.43308 267 
CyberShake 50 1.0 179.93769 22.41471 265 
CyberShake 50 1.0 179.93769 22.41042 269 
CyberShake 50 1.0 179.93769 22.40249 273 
CyberShake 50 1.0 179.93769 22.44550 266 
CyberShake 50 1.0 179.93769 22.47102 269 
CyberShake 50 1.0 180.87124 22.45747 269 
CyberShake 50 1.0 179.93769 22.41631 268 
CyberShake 50 1.0 179.93769 22.45614 272 
CyberShake 50 1.0 179.93769 22.41698 265 
CyberShake 50 1.0 179.93769 22.41628 268 
CyberShake 50 1.0 179.93769 22.48757 270 
CyberShake 50 1.0 179.93769 22.43400 269 
CyberShake 50 1.0 179.95333 22.41880 265 
CyberShake 50 1.0 179.93769 22.41919 272 
CyberShake 50 1.0 180.87124 22.47282 264 
CyberShake 50 1.0 179.95333 22.42613 267 
CyberShake 50 1.0 179.93769 22.46064 263 
CyberShake 50 1.0 180.87124 22.42959 268 
CyberShake 50 1.0 180.68457 22.48101 264 
CyberShake 50 1.0 179.93769 22.45907 271 
CyberShake 50 1.0 179.93769 22.41294 269 
CyberShake 50 1.0 179.93769 22.46277 269 
CyberShake 50 1.0 179.93769 22.45930 266 
CyberShake 50 1.0 179.93769 22.42433 272 
CyberShake 50 1.0 180.33302 22.44117 265 
CyberShake 50 1.0 180.87124 22.42539 267 
CyberShake 50 1.0 179.93769 22.44713 270 
CyberShake 50 1.0 179.93769 22.42220 273 
CyberShake 50 1.0 179.93769 22.45881 266 
CyberShake 50 1.0 179.93769 22.44534 268 
CyberShake 50 1.0 181.59670 22.46310 266 
CyberShake 50 1.0 179.93769 22.46391 275 
CyberShake 50 1.0 179.93769 22.44534 267 
CyberShake 50 1.0 180.87124 22.42208 274 
CyberShake 50 1.0 179.95333 22.42570 364 
CyberShake 50 1.0 179.93769 22.45329 364 
CyberShake 50 1.0 179.93769 22.43073 367 
CyberShake 50 1.0 180.33302 22.40278 367 
CyberShake 50 1.0 180.11960 22.42949 378 
CyberShake 50 1.0 181.40834 22.41873 373 
CyberShake 50 1.0 180.87124 22.44486 359 
CyberShake 50 1.0 179.67333 22.43922 350 
CyberShake 50 1.0 179.93769 22.41357 347 
CyberShake 50 1.0 180.87124 22.41075 368 
CyberShake 50 1.0 181.59670 22.45159 377 
CyberShake 50 1.0 180.87124 22.42062 362 
CyberShake 50 1.0 179.93769 22.44175 371 
CyberShake 50 1.0 181.40834 22.43085 341 
CyberShake 50 1.0 179.93769 22.40526 350 
CyberShake 50 1.0 179.93769 22.44710 345 
CyberShake 50 1.0 179.95333 22.45529 359 
CyberShake 50 1.0 179.93769 22.43337 328 
CyberShake 50 1.0 179.93769 22.45076 337 
CyberShake 50 1.0 179.93769 22.43915 336 
CyberShake 50 1.0 181.40834 22.43211 343 
CyberShake 50 1.0 179.93769 22.41863 371 
CyberShake 50 1.0 179.67333 22.45890 309 
CyberShake 50 1.0 180.87124 22.42641 269 
CyberShake 50 1.0 179.93769 22.43559 267 
CyberShake 50 1.0 180.37180 22.40523 270 
CyberShake 50 1.0 179.93769 22.40386 266 
CyberShake 50 1.0 180.87124 22.42135 268 
CyberShake 50 1.0 179.93769 22.43525 267 
CyberShake 50 1.0 179.67333 22.44266 270 
CyberShake 50 1.0 179.93769 22.42947 267 
CyberShake 50 1.0 180.05338 22.41932 270 
CyberShake 50 1.0 180.87124 22.46206 264 
CyberShake 50 1.0 180.87124 22.42803 265 
CyberShake 50 1.0 179.95333 22.46430 257 
CyberShake 50 1.0 179.95333 22.40576 269 
CyberShake 50 1.0 179.93769 22.46479 266 
CyberShake 50 1.0 180.68457 22.46440 272 
CyberShake 50 1.0 179.93769 22.44169 267 
CyberShake 50 1.0 180.87124 22.47486 272 
CyberShake 50 1.0 179.93769 22.42060 262 
CyberShake 50 1.0 179.67333 22.41469 270 
CyberShake 50 1.0 179.67333 22.45050 265 
CyberShake 50 1.0 179.67333 22.41041 271 
CyberShake 50 1.0 180.87124 22.42668 267 
CyberShake 50 1.0 179.93769 22.46934 269 
CyberShake 50 1.0 180.96937 22.45858 267 
CyberShake 100 1.0 239.25373 138.68263 472 
CyberShake 100 1.0 239.43004 138.53851 470 
CyberShake 100 1.0 239.22000 138.62137 469 
CyberShake 100 1.0 239.30337 138.53718 470 
CyberShake 100 1.0 239.24000 138.50436 504 
CyberShake 100 1.0 239.22333 138.52988 520 
CyberShake 100 1.0 239.43333 138.59253 518 
CyberShake 100 1.0 239.23667 138.51137 510 
CyberShake 100 1.0 240.81333 138.50755 470 
CyberShake 100 1.0 239.23667 138.67014 471 
CyberShake 100 1.0 239.03756 138.51055 472 
CyberShake 100 1.0 239.25873 138.53252 470 
CyberShake 100 1.0 239.26004 138.52921 474 
CyberShake 100 1.0 239.10333 138.50230 471 
CyberShake 100 1.0 239.02667 138.54720 470 
CyberShake 100 1.0 239.25756 138.60288 489 
CyberShake 100 1.0 239.45333 138.46849 516 
CyberShake 100 1.0 239.19053 138.57136 490 
CyberShake 100 1.0 239.25256 138.57293 514 
CyberShake 100 1.0 239.09000 138.46832 469 
CyberShake 100 1.0 240.72333 138.53269 473 
CyberShake 100 1.0 239.23333 138.62760 469 
CyberShake 100 1.0 239.18000 138.53364 471 
CyberShake 100 1.0 239.20667 138.62689 472 
CyberShake 100 1.0 239.07000 138.54429 472 
CyberShake 100 1.0 239.17873 138.49623 473 
CyberShake 100 1.0 239.71333 138.58213 487 
CyberShake 100 1.0 239.54333 138.49121 526 
CyberShake 100 1.0 239.15333 138.50400 522 
CyberShake 100 1.0 239.33338 138.64685 516 
CyberShake 100 1.0 239.34333 138.60615 485 
CyberShake 100 1.0 239.14667 138.61655 469 
CyberShake 100 1.0 239.43873 138.59808 471 
CyberShake 100 1.0 239.13338 138.63099 469 
CyberShake 100 1.0 239.22873 138.56946 472 
CyberShake 100 1.0 239.15333 138.69294 473 
CyberShake 100 1.0 239.16338 138.52205 471 
CyberShake 100 1.0 239.40667 138.72612 477 
CyberShake 100 1.0 239.19333 138.56251 522 
CyberShake 100 1.0 239.06000 138.56978 526 
CyberShake 100 1.0 239.12338 138.54473 515 
CyberShake 100 1.0 239.63333 138.56970 496 
CyberShake 100 1.0 239.28333 138.47177 471 
CyberShake 100 1.0 239.21000 138.68969 470 
CyberShake 100 1.0 240.06696 138.55356 472 
CyberShake 100 1.0 239.06373 138.70371 471 
CyberShake 100 1.0 239.24667 138.69800 472 
CyberShake 100 1.0 239.05333 138.52763 470 
CyberShake 100 1.0 239.46256 138.62326 466 
CyberShake 100 1.0 239.27333 138.52490 502 
CyberShake 100 1.0 239.14756 138.47007 528 
CyberShake 100 1.0 239.18667 138.49268 522 
CyberShake 100 1.0 239.19667 138.67979 530 
CyberShake 100 1.0 239.28873 138.55558 479 
CyberShake 100 1.0 239.58373 138.54423 471 
CyberShake 100 1.0 239.30333 138.60655 473 
CyberShake 100 1.0 239.15338 138.68732 471 
CyberShake 100 1.0 239.62533 138.52480 463 
CyberShake 100 1.0 239.28373 138.49785 463 
CyberShake 100 1.0 239.65004 138.70466 474 
CyberShake 100 1.0 239.15613 138.56430 476 
CyberShake 100 1.0 239.15333 138.57607 526 
CyberShake 100 1.0 239.54000 138.50944 521 
CyberShake 100 1.0 239.11000 138.48141 523 
CyberShake 100 1.0 239.12000 138.54778 498 
CyberShake 100 1.0 239.18000 138.60708 466 
CyberShake 100 1.0 239.08466 138.63541 470 
CyberShake 100 1.0 239.46667 138.55039 465 
CyberShake 100 1.0 239.11053 138.55763 470 
CyberShake 100 1.0 239.30256 138.51132 471 
CyberShake 100 1.0 239.58873 138.50570 472 
CyberShake 100 1.0 239.09613 138.57648 470 
CyberShake 100 1.0 239.20256 138.52229 513 
CyberShake 100 1.0 239.21873 138.63466 528 
CyberShake 100 1.0 239.30333 138.68114 522 
CyberShake 100 1.0 239.46667 138.65437 519 
CyberShake 100 1.0 239.18000 138.64375 472 
CyberShake 100 1.0 239.06671 138.55595 470 
CyberShake 100 1.0 239.10756 138.69940 471 
CyberShake 100 1.0 239.25222 138.61740 470 
CyberShake 100 1.0 239.16873 138.50293 467 
CyberShake 100 1.0 239.24004 138.69463 468 
CyberShake 100 1.0 239.26333 138.67738 474 
CyberShake 100 1.0 239.16373 138.50242 490 
CyberShake 100 1.0 239.20256 138.45927 532 
CyberShake 100 1.0 239.24667 138.56588 522 
CyberShake 100 1.0 239.07667 138.67502 524 
CyberShake 100 1.0 239.20667 138.61597 493 
CyberShake 100 1.0 239.19256 138.66562 471 
CyberShake 100 1.0 239.29256 138.47370 467 
CyberShake 100 1.0 239.10756 138.69507 474 
CyberShake 100 1.0 239.30256 138.72534 472 
CyberShake 100 1.0 239.13333 138.70777 467 
CyberShake 100 1.0 239.20333 138.72573 472 
CyberShake 100 1.0 239.17373 138.63686 469 
CyberShake 100 1.0 239.08333 138.65526 518 
CyberShake 100 1.0 239.22756 138.50768 520 
CyberShake 100 1.0 239.07333 138.66569 522 
CyberShake 100 1.0 239.17373 138.70100 509 
CyberShake 100 1.0 238.99004 138.68593 472 
Epigenomics 24 1.0 2320.90755 4.33785 183 
Epigenomics 24 1.0 2320.90755 4.33338 215 
Epigenomics 24 1.0 2320.90755 4.32912 184 
Epigenomics 24 1.0 2320.90755 4.31326 163 
Epigenomics 24 1.0 2320.90755 4.31158 192 
Epigenomics 24 1.0 2320.90755 4.32735 215 
Epigenomics 24 1.0 2320.90755 4.31338 194 
Epigenomics 24 1.0 2320.90755 4.31663 240 
Epigenomics 24 1.0 2320.90755 4.32463 187 
Epigenomics 24 1.0 2320.90755 4.32360 176 
Epigenomics 24 1.0 2320.90755 4.31548 235 
Epigenomics 24 1.0 2320.90755 4.31616 175 
Epigenomics 24 1.0 2320.90755 4.31691 197 
Epigenomics 24 1.0 2320.90755 4.32168 157 
Epigenomics 24 1.0 2320.90755 4.31819 146 
Epigenomics 24 1.0 2320.90755 4.31879 174 
Epigenomics 24 1.0 2320.90755 4.32486 230 
Epigenomics 24 1.0 2320.90755 4.31243 199 
Epigenomics 24 1.0 2320.90755 4.32488 217 
Epigenomics 24 1.0 2320.90755 4.32664 208 
Epigenomics 24 1.0 2320.90755 4.31230 200 
Epigenomics 24 1.0 2320.90755 4.32150 193 
Epigenomics 24 1.0 2320.90755 4.32631 190 
Epigenomics 24 1.0 2320.90755 4.34586 181 
Epigenomics 24 1.0 2320.90755 4.32224 202 
Epigenomics 24 1.0 2320.90755 4.31719 203 
Epigenomics 24 1.0 2320.90755 4.32054 218 
Epigenomics 24 1.0 2320.90755 4.31168 163 
Epigenomics 24 1.0 2320.90755 4.35046 183 
Epigenomics 24 1.0 2320.90755 4.32624 194 
Epigenomics 24 1.0 2320.90755 4.31550 177 
Epigenomics 24 1.0 2320.90755 4.32344 162 
Epigenomics 24 1.0 2320.90755 4.32626 180 
Epigenomics 24 1.0 2320.90755 4.32088 151 
Epigenomics 24 1.0 2320.90755 4.34453 183 
Epigenomics 24 1.0 2320.90755 4.31826 179 
Epigenomics 24 1.0 2320.90755 4.34032 207 
Epigenomics 24 1.0 2320.90755 4.31804 230 
Epigenomics 24 1.0 2320.90755 4.33760 195 
Epigenomics 24 1.0 2320.90755 4.31666 219 
Epigenomics 24 1.0 2320.90755 4.33025 170 
Epigenomics 24 1.0 2320.90755 4.31848 195 
Epigenomics 24 1.0 2320.90755 4.32354 180 
Epigenomics 24 1.0 2320.90755 4.33284 181 
Epigenomics 24 1.0 2320.90755 4.32195 171 
Epigenomics 24 1.0 2320.90755 4.33178 180 
Epigenomics 24 1.0 2320.90755 4.33936 160 
Epigenomics 24 1.0 2320.90755 4.31615 151 
Epigenomics 24 1.0 2320.90755 4.32175 186 
Epigenomics 24 1.0 2320.90755 4.32353 189 
Epigenomics 24 1.0 2320.90755 4.31719 177 
Epigenomics 24 1.0 2320.90755 4.32214 165 
Epigenomics 24 1.0 2320.90755 4.31696 187 
Epigenomics 24 1.0 2320.90755 4.33736 195 
Epigenomics 24 1.0 2320.90755 4.33583 187 
Epigenomics 24 1.0 2320.90755 4.31630 219 
Epigenomics 24 1.0 2320.90755 4.31939 177 
Epigenomics 24 1.0 2320.90755 4.32318 165 
Epigenomics 24 1.0 2320.90755 4.32517 168 
Epigenomics 24 1.0 2320.90755 4.31375 154 
Epigenomics 24 1.0 2320.90755 4.33746 185 
Epigenomics 24 1.0 2320.90755 4.33576 191 
Epigenomics 24 1.0 2320.90755 4.32411 178 
Epigenomics 24 1.0 2320.90755 4.31841 197 
Epigenomics 24 1.0 2320.90755 4.33779 184 
Epigenomics 24 1.0 2320.90755 4.33450 168 
Epigenomics 24 1.0 2320.90755 4.31635 185 
Epigenomics 24 1.0 2320.90755 4.31835 215 
Epigenomics 24 1.0 2320.90755 4.36335 161 
Epigenomics 24 1.0 2320.90755 4.31768 218 
Epigenomics 24 1.0 2320.90755 4.32421 177 
Epigenomics 24 1.0 2320.90755 4.32657 192 
Epigenomics 24 1.0 2320.90755 4.32219 194 
Epigenomics 24 1.0 2320.90755 4.33171 197 
Epigenomics 24 1.0 2320.90755 4.33261 196 
Epigenomics 24 1.0 2320.90755 4.34495 165 
Epigenomics 24 1.0 2320.90755 4.35806 182 
Epigenomics 24 1.0 2320.90755 4.32510 157 
Epigenomics 24 1.0 2320.90755 4.31594 147 
Epigenomics 24 1.0 2320.90755 4.31452 207 
Epigenomics 24 1.0 2320.90755 4.33388 182 
Epigenomics 24 1.0 2320.90755 4.32295 216 
Epigenomics 24 1.0 2320.90755 4.31616 179 
Epigenomics 24 1.0 2320.90755 4.31518 155 
Epigenomics 24 1.0 2320.90755 4.32047 150 
Epigenomics 24 1.0 2320.90755 4.32694 195 
Epigenomics 24 1.0 2320.90755 4.31906 178 
Epigenomics 24 1.0 2320.90755 4.32118 149 
Epigenomics 24 1.0 2320.90755 4.32989 179 
Epigenomics 24 1.0 2320.90755 4.32728 181 
Epigenomics 24 1.0 2320.90755 4.32988 181 
Epigenomics 24 1.0 2320.90755 4.33276 186 
Epigenomics 24 1.0 2320.90755 4.32789 205 
Epigenomics 24 1.0 2320.90755 4.31947 193 
Epigenomics 24 1.0 2320.90755 4.31653 149 
Epigenomics 24 1.0 2320.90755 4.31782 203 
Epigenomics 24 1.0 2320.90755 4.32410 212 
Epigenomics 24 1.0 2320.90755 4.31773 211 
Epigenomics 24 1.0 2320.90755 4.31187 149 
Epigenomics 24 1.0 2320.90755 4.31346 214 
Epigenomics 47 1.0 4313.60977 13.19120 205 
Epigenomics 47 1.0 4313.60977 13.20724 210 
Epigenomics 47 1.0 4313.60977 13.23998 207 
Epigenomics 47 1.0 4313.60977 13.18936 218 
Epigenomics 47 1.0 4313.60977 13.20950 207 
Epigenomics 47 1.0 4313.60977 13.22095 220 
Epigenomics 47 1.0 4313.60977 13.21345 206 
Epigenomics 47 1.0 4313.60977 13.21329 207 
Epigenomics 47 1.0 4313.60977 13.25775 207 
Epigenomics 47 1.0 4313.60977 13.22049 209 
Epigenomics 47 1.0 4313.60977 13.21899 210 
Epigenomics 47 1.0 4313.60977 13.22824 215 
Epigenomics 47 1.0 4318.48768 13.24147 212 
Epigenomics 47 1.0 4313.60977 13.22173 205 
Epigenomics 47 1.0 4313.60977 13.23387 214 
Epigenomics 47 1.0 4313.60977 13.19629 202 
Epigenomics 47 1.0 4313.60977 13.20215 210 
Epigenomics 47 1.0 4313.60977 13.19886 207 
Epigenomics 47 1.0 4313.60977 13.19659 219 
Epigenomics 47 1.0 4313.60977 13.22649 208 
Epigenomics 47 1.0 4313.60977 13.22488 221 
Epigenomics 47 1.0 4313.60977 13.19272 211 
Epigenomics 47 1.0 4313.60977 13.23185 207 
Epigenomics 47 1.0 4313.60977 13.21335 207 
Epigenomics 47 1.0 4313.60977 13.19433 214 
Epigenomics 47 1.0 4313.60977 13.21913 208 
Epigenomics 47 1.0 4313.60977 13.20041 214 
Epigenomics 47 1.0 4313.60977 13.19380 212 
Epigenomics 47 1.0 4313.60977 13.21326 212 
Epigenomics 47 1.0 4313.60977 13.23755 212 
Epigenomics 47 1.0 4313.60977 13.20848 208 
Epigenomics 47 1.0 4313.60977 13.22172 211 
Epigenomics 47 1.0 4313.60977 13.23309 207 
Epigenomics 47 1.0 4313.60977 13.22477 205 
Epigenomics 47 1.0 4313.60977 13.22956 214 
Epigenomics 47 1.0 4313.60977 13.21247 207 
Epigenomics 47 1.0 4313.60977 13.20635 206 
Epigenomics 47 1.0 4313.60977 13.22455 215 
Epigenomics 47 1.0 4313.60977 13.21465 206 
Epigenomics 47 1.0 4318.48768 13.20049 204 
Epigenomics 47 1.0 4313.60977 13.20638 209 
Epigenomics 47 1.0 4313.60977 13.21247 215 
Epigenomics 47 1.0 4313.60977 13.25046 216 
Epigenomics 47 1.0 4313.60977 13.22756 207 
Epigenomics 47 1.0 4313.60977 13.21970 214 
Epigenomics 47 1.0 4313.60977 13.22585 217 
Epigenomics 47 1.0 4313.60977 13.20737 213 
Epigenomics 47 1.0 4313.60977 13.20346 211 
Epigenomics 47 1.0 4313.60977 13.23885 212 
Epigenomics 47 1.0 4313.60977 13.20823 209 
Epigenomics 47 1.0 4313.60977 13.18918 258 
Epigenomics 47 1.0 4313.60977 13.21901 292 
Epigenomics 47 1.0 4313.60977 13.21890 298 
Epigenomics 47 1.0 4313.60977 13.20594 303 
Epigenomics 47 1.0 4313.60977 13.19516 301 
Epigenomics 47 1.0 4313.60977 13.22696 271 
Epigenomics 47 1.0 4313.60977 13.19191 294 
Epigenomics 47 1.0 4313.60977 13.21107 278 
Epigenomics 47 1.0 4313.60977 13.21524 301 
Epigenomics 47 1.0 4313.60977 13.21992 272 
Epigenomics 47 1.0 4313.60977 13.19169 279 
Epigenomics 47 1.0 4313.60977 13.24092 282 
Epigenomics 47 1.0 4313.60977 13.19554 287 
Epigenomics 47 1.0 4313.60977 13.21058 273 
Epigenomics 47 1.0 4313.60977 13.21191 283 
Epigenomics 47 1.0 4313.60977 13.20390 269 
Epigenomics 47 1.0 4313.60977 13.20198 309 
Epigenomics 47 1.0 4313.60977 13.20271 295 
Epigenomics 47 1.0 4313.60977 13.22915 282 
Epigenomics 47 1.0 4313.60977 13.20575 261 
Epigenomics 47 1.0 4313.60977 13.19134 247 
Epigenomics 47 1.0 4313.60977 13.20229 258 
Epigenomics 47 1.0 4313.60977 13.19655 271 
Epigenomics 47 1.0 4313.60977 13.20720 265 
Epigenomics 47 1.0 4313.60977 13.24585 270 
Epigenomics 47 1.0 4313.60977 13.23316 294 
Epigenomics 47 1.0 4313.60977 13.22093 280 
Epigenomics 47 1.0 4313.60977 13.20010 285 
Epigenomics 47 1.0 4313.60977 13.19223 280 
Epigenomics 47 1.0 4313.60977 13.21560 257 
Epigenomics 47 1.0 4313.60977 13.21190 297 
Epigenomics 47 1.0 4313.60977 13.19321 253 
Epigenomics 47 1.0 4313.60977 13.24769 268 
Epigenomics 47 1.0 4313.60977 13.22726 286 
Epigenomics 47 1.0 4313.60977 13.20559 283 
Epigenomics 47 1.0 4313.60977 13.20358 296 
Epigenomics 47 1.0 4313.60977 13.21961 280 
Epigenomics 47 1.0 4313.60977 13.20427 294 
Epigenomics 47 1.0 4313.60977 13.20183 241 
Epigenomics 47 1.0 4313.60977 13.24099 211 
Epigenomics 47 1.0 4313.60977 13.23023 213 
Epigenomics 47 1.0 4313.60977 13.23506 214 
Epigenomics 47 1.0 4313.60977 13.20970 214 
Epigenomics 47 1.0 4313.60977 13.25107 206 
Epigenomics 47 1.0 4313.60977 13.21355 212 
Epigenomics 47 1.0 4313.60977 13.20661 213 
Epigenomics 47 1.0 4313.60977 13.19999 210 
Epigenomics 47 1.0 4313.60977 13.24100 203 
Epigenomics 47 1.0 4313.60977 13.21903 217 
Epigenomics 47 1.0 4313.60977 13.21429 209 
Epigenomics 100 1.0 35266.49143 55.02129 225 
Epigenomics 100 1.0 35273.34278 54.85702 230 
Epigenomics 100 1.0 35217.78976 54.95931 234 
Epigenomics 100 1.0 35261.60261 54.86124 229 
Epigenomics 100 1.0 35246.37337 54.81860 228 
Epigenomics 100 1.0 35254.40143 54.94318 228 
Epigenomics 100 1.0 35217.78976 54.97895 226 
Epigenomics 100 1.0 35272.86163 54.96844 229 
Epigenomics 100 1.0 35228.79667 54.95953 227 
Epigenomics 100 1.0 35243.40667 54.79926 224 
Epigenomics 100 1.0 35247.73778 54.97423 225 
Epigenomics 100 1.0 35272.86163 54.94466 231 
Epigenomics 100 1.0 35273.59925 54.94240 226 
Epigenomics 100 1.0 35238.48477 54.99344 227 
Epigenomics 100 1.0 35246.31523 54.92412 228 
Epigenomics 100 1.0 35217.99476 54.87375 229 
Epigenomics 100 1.0 35224.63333 54.95284 224 
Epigenomics 100 1.0 35240.96771 54.96013 251 
Epigenomics 100 1.0 35251.82000 54.95164 266 
Epigenomics 100 1.0 35254.41298 54.82312 265 
Epigenomics 100 1.0 35246.04333 54.85150 261 
Epigenomics 100 1.0 35272.95289 54.82463 261 
Epigenomics 100 1.0 35273.16749 54.95927 265 
Epigenomics 100 1.0 35247.71549 54.86166 261 
Epigenomics 100 1.0 35254.76298 54.82911 257 
Epigenomics 100 1.0 35272.86163 54.84518 258 
Epigenomics 100 1.0 35218.59923 54.99909 240 
Epigenomics 100 1.0 35272.95289 54.97712 228 
Epigenomics 100 1.0 35273.66502 54.88913 230 
Epigenomics 100 1.0 35261.52026 54.97178 230 
Epigenomics 100 1.0 35245.98847 54.84151 231 
Epigenomics 100 1.0 35254.25667 54.96902 229 
Epigenomics 100 1.0 35272.95289 55.00154 230 
Epigenomics 100 1.0 35246.27143 54.94549 229 
Epigenomics 100 1.0 35221.55215 54.84236 232 
Epigenomics 100 1.0 35249.34831 54.94351 226 
Epigenomics 100 1.0 35217.78976 54.88112 224 
Epigenomics 100 1.0 35223.29477 54.91541 229 
Epigenomics 100 1.0 35231.63810 54.83559 229 
Epigenomics 100 1.0 35243.22887 54.84693 231 
Epigenomics 100 1.0 35238.53610 54.96786 224 
Epigenomics 100 1.0 35272.95289 54.83715 228 
Epigenomics 100 1.0 35267.82332 54.81437 225 
Epigenomics 100 1.0 35222.67000 54.84748 227 
Epigenomics 100 1.0 35215.82731 55.00215 226 
Epigenomics 100 1.0 35273.25152 54.92317 235 
Epigenomics 100 1.0 35242.55205 54.87372 271 
Epigenomics 100 1.0 35272.93874 54.98375 264 
Epigenomics 100 1.0 35245.86000 54.86554 265 
Epigenomics 100 1.0 35264.73000 54.85131 254 
Epigenomics 100 1.0 35243.06163 54.90306 263 
Epigenomics 100 1.0 35276.26289 54.87975 266 
Epigenomics 100 1.0 35243.24743 54.88801 263 
Epigenomics 100 1.0 35274.72183 54.83824 253 
Epigenomics 100 1.0 35247.03771 54.90378 256 
Epigenomics 100 1.0 35225.54548 54.80026 226 
Epigenomics 100 1.0 35235.53000 54.96694 226 
Epigenomics 100 1.0 35272.95289 54.86053 235 
Epigenomics 100 1.0 35272.95289 54.93997 227 
Epigenomics 100 1.0 35229.15523 54.80718 225 
Epigenomics 100 1.0 35272.95289 54.93608 227 
Epigenomics 100 1.0 35276.82789 54.97202 228 
Epigenomics 100 1.0 35222.40220 54.86265 225 
Epigenomics 100 1.0 35264.84416 54.94470 227 
Epigenomics 100 1.0 35272.86163 54.81544 227 
Epigenomics 100 1.0 35272.95289 54.94761 229 
Epigenomics 100 1.0 35217.31667 54.98478 227 
Epigenomics 100 1.0 35273.34278 54.81895 226 
Epigenomics 100 1.0 35247.26667 54.86446 225 
Epigenomics 100 1.0 35229.97860 54.93231 228 
Epigenomics 100 1.0 35235.98778 54.96883 229 
Epigenomics 100 1.0 35272.66054 54.99334 225 
Epigenomics 100 1.0 35272.86163 54.88276 228 
Epigenomics 100 1.0 35272.86163 54.88447 234 
Epigenomics 100 1.0 35235.46164 54.86096 243 
Epigenomics 100 1.0 35267.53164 54.90980 260 
Epigenomics 100 1.0 35218.17966 54.86583 267 
Epigenomics 100 1.0 35274.63647 54.90960 261 
Epigenomics 100 1.0 35273.67154 54.84719 253 
Epigenomics 100 1.0 35273.25152 54.87869 269 
Epigenomics 100 1.0 35221.92992 54.79283 254 
Epigenomics 100 1.0 35272.95289 54.92684 258 
Epigenomics 100 1.0 35272.66054 54.95950 262 
Epigenomics 100 1.0 35272.95289 54.82847 252 
Epigenomics 100 1.0 35243.45610 54.91103 224 
Epigenomics 100 1.0 35226.83751 55.00133 230 
Epigenomics 100 1.0 35258.42770 54.86044 227 
Epigenomics 100 1.0 35246.37337 54.85426 226 
Epigenomics 100 1.0 35259.24369 54.86342 231 
Epigenomics 100 1.0 35228.78149 54.84462 224 
Epigenomics 100 1.0 35219.94976 54.95089 230 
Epigenomics 100 1.0 35215.83301 54.89550 225 
Epigenomics 100 1.0 35238.11050 54.84914 227 
Epigenomics 100 1.0 35258.71270 54.89571 230 
Epigenomics 100 1.0 35245.98847 54.82492 224 
Epigenomics 100 1.0 35272.84749 54.92562 226 
Epigenomics 100 1.0 35226.47477 54.85320 225 
Epigenomics 100 1.0 35248.66603 54.83856 225 
Epigenomics 100 1.0 35243.45152 54.93438 224 
Epigenomics 100 1.0 35237.80725 54.90260 226 
Ligo 30 1.0 657.35562 6.47595 192 
Ligo 30 1.0 657.35562 6.49349 200 
Ligo 30 1.0 657.35562 6.48733 205 
Ligo 30 1.0 657.32381 6.48236 172 
Ligo 30 1.0 657.32381 6.47960 202 
Ligo 30 1.0 657.32993 6.47483 228 
Ligo 30 1.0 657.35562 6.48232 210 
Ligo 30 1.0 657.35562 6.46704 214 
Ligo 30 1.0 658.23289 6.48839 205 
Ligo 30 1.0 657.35562 6.47252 184 
Ligo 30 1.0 657.35562 6.48942 194 
Ligo 30 1.0 657.35562 6.46765 203 
Ligo 30 1.0 658.23289 6.49067 209 
Ligo 30 1.0 657.35562 6.48271 211 
Ligo 30 1.0 657.35562 6.49724 216 
Ligo 30 1.0 657.32381 6.47843 188 
Ligo 30 1.0 658.23289 6.46943 193 
Ligo 30 1.0 657.35562 6.48991 215 
Ligo 30 1.0 657.35562 6.46736 203 
Ligo 30 1.0 657.32381 6.46886 205 
Ligo 30 1.0 657.35562 6.47635 205 
Ligo 30 1.0 658.23289 6.48305 193 
Ligo 30 1.0 658.23289 6.47326 196 
Ligo 30 1.0 658.23289 6.48165 211 
Ligo 30 1.0 658.23289 6.50114 206 
Ligo 30 1.0 657.35562 6.47354 216 
Ligo 30 1.0 657.32993 6.49121 211 
Ligo 30 1.0 658.23289 6.50027 181 
Ligo 30 1.0 658.23289 6.49749 198 
Ligo 30 1.0 658.23289 6.46970 206 
Ligo 30 1.0 657.35562 6.48583 209 
Ligo 30 1.0 659.84543 6.49018 187 
Ligo 30 1.0 657.35562 6.48030 213 
Ligo 30 1.0 658.00456 6.47178 198 
Ligo 30 1.0 658.23289 6.47400 197 
Ligo 30 1.0 658.23289 6.48757 218 
Ligo 30 1.0 658.23289 6.47915 255 
Ligo 30 1.0 657.35562 6.46724 252 
Ligo 30 1.0 658.23289 6.47546 269 
Ligo 30 1.0 657.35562 6.48758 250 
Ligo 30 1.0 658.00456 6.48022 283 
Ligo 30 1.0 658.23289 6.48213 267 
Ligo 30 1.0 657.35562 6.49310 271 
Ligo 30 1.0 657.35562 6.49524 223 
Ligo 30 1.0 657.35562 6.48811 228 
Ligo 30 1.0 657.32381 6.47189 229 
Ligo 30 1.0 657.35562 6.47352 231 
Ligo 30 1.0 657.32993 6.47238 274 
Ligo 30 1.0 657.32381 6.46811 254 
Ligo 30 1.0 657.35562 6.47518 224 
Ligo 30 1.0 657.35562 6.47610 246 
Ligo 30 1.0 657.35562 6.48211 218 
Ligo 30 1.0 658.23289 6.49968 260 
Ligo 30 1.0 658.23289 6.47126 246 
Ligo 30 1.0 658.23289 6.47399 246 
Ligo 30 1.0 657.35562 6.48709 246 
Ligo 30 1.0 657.35562 6.48113 234 
Ligo 30 1.0 657.35562 6.47799 255 
Ligo 30 1.0 657.35562 6.47158 247 
Ligo 30 1.0 657.35562 6.47600 267 
Ligo 30 1.0 657.35562 6.47550 268 
Ligo 30 1.0 658.23289 6.47221 256 
Ligo 30 1.0 657.35562 6.49760 207 
Ligo 30 1.0 657.35562 6.50306 197 
Ligo 30 1.0 658.23289 6.46887 240 
Ligo 30 1.0 658.23289 6.48552 257 
Ligo 30 1.0 657.35562 6.49062 217 
Ligo 30 1.0 657.35562 6.48680 259 
Ligo 30 1.0 657.98016 6.47617 286 
Ligo 30 1.0 658.23289 6.48283 230 
Ligo 30 1.0 659.84543 6.47222 251 
Ligo 30 1.0 657.35562 6.47338 203 
Ligo 30 1.0 657.35562 6.48622 197 
Ligo 30 1.0 657.35562 6.46854 216 
Ligo 30 1.0 658.23289 6.48182 202 
Ligo 30 1.0 657.35562 6.48116 236 
Ligo 30 1.0 657.35562 6.49431 244 
Ligo 30 1.0 657.35562 6.46729 283 
Ligo 30 1.0 658.23289 6.46722 296 
Ligo 30 1.0 657.35562 6.48169 260 
Ligo 30 1.0 658.23289 6.48661 258 
Ligo 30 1.0 657.35562 6.46887 278 
Ligo 30 1.0 657.35562 6.46569 290 
Ligo 30 1.0 657.35562 6.46662 245 
Ligo 30 1.0 657.35562 6.47078 249 
Ligo 30 1.0 657.35562 6.47490 203 
Ligo 30 1.0 657.35562 6.49755 270 
Ligo 30 1.0 657.35562 6.47968 210 
Ligo 30 1.0 658.23289 6.48133 263 
Ligo 30 1.0 657.32381 6.47808 283 
Ligo 30 1.0 657.35562 6.47652 284 
Ligo 30 1.0 657.35562 6.47399 247 
Ligo 30 1.0 658.23289 6.48823 207 
Ligo 30 1.0 657.35562 6.47262 218 
Ligo 30 1.0 657.35562 6.47960 273 
Ligo 30 1.0 657.35562 6.46733 287 
Ligo 30 1.0 657.35562 6.48428 269 
Ligo 30 1.0 658.23289 6.47395 276 
Ligo 30 1.0 657.35562 6.47598 279 
Ligo 30 1.0 658.23289 6.48400 285 
Ligo 50 1.0 992.52135 14.73764 286 
Ligo 50 1.0 993.97384 14.71029 270 
Ligo 50 1.0 993.65667 14.72900 277 
Ligo 50 1.0 992.14942 14.72241 288 
Ligo 50 1.0 991.50667 14.68622 304 
Ligo 50 1.0 994.44000 14.71570 285 
Ligo 50 1.0 993.86116 14.69019 237 
Ligo 50 1.0 992.09871 14.73111 210 
Ligo 50 1.0 993.90301 14.70034 207 
Ligo 50 1.0 993.50699 14.71115 210 
Ligo 50 1.0 994.55452 14.70078 209 
Ligo 50 1.0 995.64333 14.68551 209 
Ligo 50 1.0 994.36061 14.72682 210 
Ligo 50 1.0 992.34880 14.72129 212 
Ligo 50 1.0 992.48284 14.68493 212 
Ligo 50 1.0 995.86120 14.69171 212 
Ligo 50 1.0 995.73796 14.72594 213 
Ligo 50 1.0 994.31242 14.73756 213 
Ligo 50 1.0 994.65675 14.68350 208 
Ligo 50 1.0 994.54631 14.69083 214 
Ligo 50 1.0 994.75867 14.70807 216 
Ligo 50 1.0 992.09442 14.72015 209 
Ligo 50 1.0 993.13232 14.74485 212 
Ligo 50 1.0 994.88610 14.73387 212 
Ligo 50 1.0 990.62307 14.69535 214 
Ligo 50 1.0 993.63361 14.70996 207 
Ligo 50 1.0 990.96616 14.70182 208 
Ligo 50 1.0 992.51781 14.69181 207 
Ligo 50 1.0 995.70355 14.73847 201 
Ligo 50 1.0 994.56258 14.71190 201 
Ligo 50 1.0 991.55488 14.69569 216 
Ligo 50 1.0 990.69000 14.73345 210 
Ligo 50 1.0 992.10092 14.69317 210 
Ligo 50 1.0 995.00871 14.69222 212 
Ligo 50 1.0 995.57631 14.74954 212 
Ligo 50 1.0 996.85631 14.69505 207 
Ligo 50 1.0 994.05797 14.70355 213 
Ligo 50 1.0 991.39616 14.69565 208 
Ligo 50 1.0 994.61333 14.74228 209 
Ligo 50 1.0 993.07247 14.69733 213 
Ligo 50 1.0 994.34078 14.72315 214 
Ligo 50 1.0 993.06427 14.71910 215 
Ligo 50 1.0 996.23838 14.68855 209 
Ligo 50 1.0 993.92871 14.68292 208 
Ligo 50 1.0 994.65000 14.69604 212 
Ligo 50 1.0 994.42631 14.72276 211 
Ligo 50 1.0 991.00797 14.70858 208 
Ligo 50 1.0 993.86936 14.71187 209 
Ligo 50 1.0 990.69000 14.68426 213 
Ligo 50 1.0 994.74631 14.71979 207 
Ligo 50 1.0 991.91487 14.74702 205 
Ligo 50 1.0 994.52631 14.72232 208 
Ligo 50 1.0 993.25587 14.69483 200 
Ligo 50 1.0 990.51109 14.70317 206 
Ligo 50 1.0 995.94578 14.68550 217 
Ligo 50 1.0 991.72000 14.68807 209 
Ligo 50 1.0 990.19797 14.73513 205 
Ligo 50 1.0 996.27232 14.71923 217 
Ligo 50 1.0 994.80965 14.69781 210 
Ligo 50 1.0 993.83820 14.70321 212 
Ligo 50 1.0 991.00312 14.68639 211 
Ligo 50 1.0 992.19934 14.72616 208 
Ligo 50 1.0 994.83943 14.70911 209 
Ligo 50 1.0 994.57940 14.70942 216 
Ligo 50 1.0 993.15401 14.71469 211 
Ligo 50 1.0 991.78246 14.73703 209 
Ligo 50 1.0 992.62464 14.73828 214 
Ligo 50 1.0 996.29820 14.74241 212 
Ligo 50 1.0 994.48994 14.72707 211 
Ligo 50 1.0 995.39144 14.68274 212 
Ligo 50 1.0 994.66996 14.69286 215 
Ligo 50 1.0 995.53585 14.73829 204 
Ligo 50 1.0 992.83163 14.69288 210 
Ligo 50 1.0 993.37739 14.70099 211 
Ligo 50 1.0 991.87199 14.68999 213 
Ligo 50 1.0 990.05487 14.72354 209 
Ligo 50 1.0 994.56183 14.75112 204 
Ligo 50 1.0 996.10298 14.69405 202 
Ligo 50 1.0 995.59387 14.74468 203 
Ligo 50 1.0 994.07328 14.69640 213 
Ligo 50 1.0 991.88898 14.68206 213 
Ligo 50 1.0 990.97436 14.74015 206 
Ligo 50 1.0 992.07464 14.72494 206 
Ligo 50 1.0 993.61667 14.71764 205 
Ligo 50 1.0 993.31269 14.68756 197 
Ligo 50 1.0 991.06871 14.68702 211 
Ligo 50 1.0 996.45202 14.73460 216 
Ligo 50 1.0 993.39052 14.72372 210 
Ligo 50 1.0 993.39232 14.68617 212 
Ligo 50 1.0 993.99880 14.69445 209 
Ligo 50 1.0 994.74631 14.73179 212 
Ligo 50 1.0 993.27464 14.69961 207 
Ligo 50 1.0 993.89832 14.72391 201 
Ligo 50 1.0 995.64367 14.68568 213 
Ligo 50 1.0 991.46131 14.73077 276 
Ligo 50 1.0 995.45631 14.69594 307 
Ligo 50 1.0 991.61109 14.70156 286 
Ligo 50 1.0 994.12283 14.69428 285 
Ligo 50 1.0 994.67667 14.69703 293 
Ligo 50 1.0 991.74131 14.68744 289 
Ligo 100 1.0 1755.62333 32.58186 178 
Ligo 100 1.0 1757.36357 32.47528 176 
Ligo 100 1.0 1757.18043 32.53686 173 
Ligo 100 1.0 1757.34470 32.61711 173 
Ligo 100 1.0 1754.87226 32.57037 175 
Ligo 100 1.0 1756.15491 32.50651 173 
Ligo 100 1.0 1757.17000 32.62229 176 
Ligo 100 1.0 1757.34117 32.46531 172 
Ligo 100 1.0 1755.20135 32.58006 177 
Ligo 100 1.0 1754.26120 32.54433 174 
Ligo 100 1.0 1756.97667 32.46257 174 
Ligo 100 1.0 1756.27333 32.46438 176 
Ligo 100 1.0 1754.51333 32.47308 168 
Ligo 100 1.0 1757.83583 32.63409 148 
Ligo 100 1.0 1755.89333 32.50516 150 
Ligo 100 1.0 1757.33500 32.49632 151 
Ligo 100 1.0 1757.22000 32.49088 153 
Ligo 100 1.0 1758.39333 32.54588 148 
Ligo 100 1.0 1761.72824 32.54635 147 
Ligo 100 1.0 1756.04921 32.51661 150 
Ligo 100 1.0 1758.24765 32.53799 147 
Ligo 100 1.0 1757.45765 32.51983 150 
Ligo 100 1.0 1755.89667 32.56686 149 
Ligo 100 1.0 1758.89467 32.60351 150 
Ligo 100 1.0 1757.51824 32.49495 148 
Ligo 100 1.0 1757.25333 32.49891 150 
Ligo 100 1.0 1755.75224 32.47631 150 
Ligo 100 1.0 1756.39117 32.59701 151 
Ligo 100 1.0 1757.14958 32.60438 151 
Ligo 100 1.0 1756.21649 32.51644 150 
Ligo 100 1.0 1755.77152 32.50857 149 
Ligo 100 1.0 1754.99000 32.60935 150 
Ligo 100 1.0 1757.73549 32.61667 147 
Ligo 100 1.0 1758.21667 32.65747 150 
Ligo 100 1.0 1756.10786 32.45901 150 
Ligo 100 1.0 1755.92674 32.52597 151 
Ligo 100 1.0 1757.02791 32.57523 150 
Ligo 100 1.0 1757.23580 32.52927 148 
Ligo 100 1.0 1756.50323 32.50027 149 
Ligo 100 1.0 1759.08000 32.63245 150 
Ligo 100 1.0 1755.49000 32.52724 149 
Ligo 100 1.0 1754.90818 32.56187 151 
Ligo 100 1.0 1757.06667 32.64550 152 
Ligo 100 1.0 1757.60333 32.52548 151 
Ligo 100 1.0 1756.27152 32.58860 150 
Ligo 100 1.0 1758.87000 32.49750 150 
Ligo 100 1.0 1763.37562 32.53648 166 
Ligo 100 1.0 1758.03323 32.57699 174 
Ligo 100 1.0 1757.90667 32.49635 175 
Ligo 100 1.0 1754.58075 32.60905 177 
Ligo 100 1.0 1755.62393 32.52321 173 
Ligo 100 1.0 1756.25000 32.47326 172 
Ligo 100 1.0 1755.61520 32.52675 172 
Ligo 100 1.0 1759.49667 32.54837 173 
Ligo 100 1.0 1756.32889 32.51141 177 
Ligo 100 1.0 1757.79333 32.60464 179 
Ligo 100 1.0 1759.05459 32.51245 173 
Ligo 100 1.0 1760.41000 32.46164 172 
Ligo 100 1.0 1755.48149 32.60784 177 
Ligo 100 1.0 1756.39000 32.47434 174 
Ligo 100 1.0 1756.14333 32.54968 174 
Ligo 100 1.0 1756.38461 32.64606 170 
Ligo 100 1.0 1754.62982 32.47641 149 
Ligo 100 1.0 1757.55588 32.47494 151 
Ligo 100 1.0 1757.54653 32.62601 150 
Ligo 100 1.0 1755.21333 32.50314 149 
Ligo 100 1.0 1759.52667 32.65619 150 
Ligo 100 1.0 1757.92914 32.49175 147 
Ligo 100 1.0 1755.80000 32.65624 149 
Ligo 100 1.0 1756.49000 32.45859 150 
Ligo 100 1.0 1756.08667 32.49786 150 
Ligo 100 1.0 1755.68667 32.52073 148 
Ligo 100 1.0 1755.11000 32.52184 150 
Ligo 100 1.0 1754.95393 32.59022 149 
Ligo 100 1.0 1753.86333 32.61063 150 
Ligo 100 1.0 1756.49333 32.53235 150 
Ligo 100 1.0 1756.80667 32.57591 150 
Ligo 100 1.0 1755.85777 32.51921 150 
Ligo 100 1.0 1757.21784 32.55822 149 
Ligo 100 1.0 1756.21280 32.58231 151 
Ligo 100 1.0 1756.82227 32.64986 149 
Ligo 100 1.0 1757.53333 32.62271 151 
Ligo 100 1.0 1762.30343 32.64232 150 
Ligo 100 1.0 1757.70235 32.53651 148 
Ligo 100 1.0 1754.42908 32.59544 150 
Ligo 100 1.0 1756.57982 32.58654 149 
Ligo 100 1.0 1763.64645 32.46760 148 
Ligo 100 1.0 1758.06691 32.48886 150 
Ligo 100 1.0 1761.85223 32.56842 150 
Ligo 100 1.0 1755.78152 32.62208 150 
Ligo 100 1.0 1756.89333 32.53640 150 
Ligo 100 1.0 1760.20333 32.62515 150 
Ligo 100 1.0 1755.82667 32.54527 150 
Ligo 100 1.0 1757.66000 32.48246 151 
Ligo 100 1.0 1755.32031 32.54782 149 
Ligo 100 1.0 1757.23030 32.46923 172 
Ligo 100 1.0 1754.87667 32.50142 176 
Ligo 100 1.0 1755.89999 32.51268 176 
Ligo 100 1.0 1757.54000 32.50206 178 
Ligo 100 1.0 1756.87756 32.58579 178 
gaussian 9 1.0 8.54243 1.36366 146 
gaussian 9 1.0 8.54243 1.37172 152 
gaussian 9 1.0 8.54243 1.37544 159 
gaussian 9 1.0 8.54243 1.37076 144 
gaussian 9 1.0 8.54243 1.36735 132 
gaussian 9 1.0 8.54243 1.36555 149 
gaussian 9 1.0 8.54243 1.36815 77 
gaussian 9 1.0 8.54243 1.37021 69 
gaussian 9 1.0 8.54243 1.38004 69 
gaussian 9 1.0 8.54243 1.36961 64 
gaussian 9 1.0 8.54243 1.37574 81 
gaussian 9 1.0 8.54243 1.36693 92 
gaussian 9 1.0 8.54243 1.37491 89 
gaussian 9 1.0 8.54243 1.36423 105 
gaussian 9 1.0 8.54243 1.38120 70 
gaussian 9 1.0 8.54243 1.37014 70 
gaussian 9 1.0 8.54243 1.36473 92 
gaussian 9 1.0 8.54243 1.36986 79 
gaussian 9 1.0 8.54243 1.37076 81 
gaussian 9 1.0 8.54243 1.36719 72 
gaussian 9 1.0 8.54243 1.36636 71 
gaussian 9 1.0 8.54243 1.38199 68 
gaussian 9 1.0 8.54243 1.36439 66 
gaussian 9 1.0 8.54243 1.38210 72 
gaussian 9 1.0 8.54243 1.37267 109 
gaussian 9 1.0 8.54243 1.36442 159 
gaussian 9 1.0 8.54243 1.37603 82 
gaussian 9 1.0 8.54243 1.38157 74 
gaussian 9 1.0 8.54243 1.37458 57 
gaussian 9 1.0 8.54243 1.37554 68 
gaussian 9 1.0 8.54243 1.38354 62 
gaussian 9 1.0 8.54243 1.39207 71 
gaussian 9 1.0 8.54243 1.38154 75 
gaussian 9 1.0 8.54243 1.36750 110 
gaussian 9 1.0 8.54243 1.37837 108 
gaussian 9 1.0 8.54243 1.37104 85 
gaussian 9 1.0 8.54243 1.36695 100 
gaussian 9 1.0 8.54243 1.37806 151 
gaussian 9 1.0 8.54243 1.37604 167 
gaussian 9 1.0 8.54243 1.36939 181 
gaussian 9 1.0 8.54243 1.37281 131 
gaussian 9 1.0 8.54243 1.37200 82 
gaussian 9 1.0 8.54243 1.37651 88 
gaussian 9 1.0 8.54243 1.37317 72 
gaussian 9 1.0 8.54243 1.37000 80 
gaussian 9 1.0 8.54243 1.36994 97 
gaussian 9 1.0 8.54243 1.37519 97 
gaussian 9 1.0 8.54243 1.37249 102 
gaussian 9 1.0 8.54243 1.36323 97 
gaussian 9 1.0 8.54243 1.36887 104 
gaussian 9 1.0 8.54243 1.37412 89 
gaussian 9 1.0 8.54243 1.37175 81 
gaussian 9 1.0 8.54243 1.37846 77 
gaussian 9 1.0 8.54243 1.37810 74 
gaussian 9 1.0 8.54243 1.37528 92 
gaussian 9 1.0 8.54243 1.37912 98 
gaussian 9 1.0 8.54243 1.37939 84 
gaussian 9 1.0 8.54243 1.37488 81 
gaussian 9 1.0 8.54243 1.37054 92 
gaussian 9 1.0 8.54243 1.36818 91 
gaussian 9 1.0 8.54243 1.36481 78 
gaussian 9 1.0 8.54243 1.36981 75 
gaussian 9 1.0 8.54243 1.36698 72 
gaussian 9 1.0 8.54243 1.36305 56 
gaussian 9 1.0 8.54243 1.38183 74 
gaussian 9 1.0 8.54243 1.36521 67 
gaussian 9 1.0 8.54243 1.36415 72 
gaussian 9 1.0 8.54243 1.37211 63 
gaussian 9 1.0 8.54243 1.36953 76 
gaussian 9 1.0 8.54243 1.38435 78 
gaussian 9 1.0 8.54243 1.36941 77 
gaussian 9 1.0 8.54243 1.38472 71 
gaussian 9 1.0 8.54243 1.37213 80 
gaussian 9 1.0 8.54243 1.37713 163 
gaussian 9 1.0 8.54243 1.36781 156 
gaussian 9 1.0 8.54243 1.36448 159 
gaussian 9 1.0 8.54243 1.38634 166 
gaussian 9 1.0 8.54243 1.36444 63 
gaussian 9 1.0 8.54243 1.37002 68 
gaussian 9 1.0 8.54243 1.37440 69 
gaussian 9 1.0 8.54243 1.38052 70 
gaussian 9 1.0 8.54243 1.37092 85 
gaussian 9 1.0 8.54243 1.37286 76 
gaussian 9 1.0 8.54243 1.37328 66 
gaussian 9 1.0 8.54243 1.37097 71 
gaussian 9 1.0 8.54243 1.39089 69 
gaussian 9 1.0 8.54243 1.37661 67 
gaussian 9 1.0 8.54243 1.37634 68 
gaussian 9 1.0 8.54243 1.37000 69 
gaussian 9 1.0 8.54243 1.38847 72 
gaussian 9 1.0 8.54243 1.37905 75 
gaussian 9 1.0 8.54243 1.36479 84 
gaussian 9 1.0 8.54243 1.36434 89 
gaussian 9 1.0 8.54243 1.37200 87 
gaussian 9 1.0 8.54243 1.37567 82 
gaussian 9 1.0 8.54243 1.36642 98 
gaussian 9 1.0 8.54243 1.39507 90 
gaussian 9 1.0 8.54243 1.36410 113 
gaussian 9 1.0 8.54243 1.37449 108 
gaussian 9 1.0 8.54243 1.36863 138 
gaussian 209 1.0 76.53937 181.26431 188 
gaussian 209 1.0 76.67293 181.28472 180 
gaussian 209 1.0 76.43835 181.32106 180 
gaussian 209 1.0 76.53009 180.85968 182 
gaussian 209 1.0 76.45658 180.86808 180 
gaussian 209 1.0 76.89656 180.98791 179 
gaussian 209 1.0 76.44133 181.03084 178 
gaussian 209 1.0 76.36846 180.89458 186 
gaussian 209 1.0 76.74725 181.25789 187 
gaussian 209 1.0 76.34690 180.99210 188 
gaussian 209 1.0 76.65591 181.35971 180 
gaussian 209 1.0 76.44684 181.01430 184 
gaussian 209 1.0 76.20761 181.14955 179 
gaussian 209 1.0 76.11219 181.29289 181 
gaussian 209 1.0 76.80589 181.42508 180 
gaussian 209 1.0 76.57084 181.08910 177 
gaussian 209 1.0 76.62368 180.98661 187 
gaussian 209 1.0 76.84240 181.09076 188 
gaussian 209 1.0 76.55583 180.72948 185 
gaussian 209 1.0 76.61974 181.17194 184 
gaussian 209 1.0 76.91061 180.88388 178 
gaussian 209 1.0 76.58563 181.09577 180 
gaussian 209 1.0 76.60815 181.43829 179 
gaussian 209 1.0 76.92174 181.16655 179 
gaussian 209 1.0 76.38828 181.44518 183 
gaussian 209 1.0 76.53648 181.32482 188 
gaussian 209 1.0 76.41732 181.17289 187 
gaussian 209 1.0 76.30784 180.88473 186 
gaussian 209 1.0 76.79582 180.99179 181 
gaussian 209 1.0 76.60838 181.23752 180 
gaussian 209 1.0 77.18472 180.87785 176 
gaussian 209 1.0 76.34446 181.21088 181 
gaussian 209 1.0 76.26193 181.21828 180 
gaussian 209 1.0 76.69282 181.20140 183 
gaussian 209 1.0 76.41764 181.47476 191 
gaussian 209 1.0 76.20822 180.99023 186 
gaussian 209 1.0 76.28195 180.93799 183 
gaussian 209 1.0 76.70576 180.83868 179 
gaussian 209 1.0 76.49365 180.88161 179 
gaussian 209 1.0 76.37945 180.79765 181 
gaussian 209 1.0 76.34035 180.83618 180 
gaussian 209 1.0 76.66365 180.77427 177 
gaussian 209 1.0 76.92529 180.99364 183 
gaussian 209 1.0 76.82616 180.78434 185 
gaussian 209 1.0 76.75771 181.05419 187 
gaussian 209 1.0 76.28724 181.35285 184 
gaussian 209 1.0 76.41070 181.40934 181 
gaussian 209 1.0 76.54867 181.17536 178 
gaussian 209 1.0 76.32426 181.51411 180 
gaussian 209 1.0 76.33552 181.11631 180 
gaussian 209 1.0 76.72251 180.79567 179 
gaussian 209 1.0 76.32538 181.09983 185 
gaussian 209 1.0 76.63825 180.72179 186 
gaussian 209 1.0 76.63316 181.08003 190 
gaussian 209 1.0 76.47727 180.74384 188 
gaussian 209 1.0 76.58330 180.79497 188 
gaussian 209 1.0 76.31590 181.36261 186 
gaussian 209 1.0 76.95066 181.30210 188 
gaussian 209 1.0 76.65267 180.90588 179 
gaussian 209 1.0 76.73081 181.49948 180 
gaussian 209 1.0 76.64378 180.75897 179 
gaussian 209 1.0 76.45134 181.03236 180 
gaussian 209 1.0 76.44005 181.49326 182 
gaussian 209 1.0 76.54980 181.10930 180 
gaussian 209 1.0 76.99499 181.27473 178 
gaussian 209 1.0 76.43799 181.37571 184 
gaussian 209 1.0 76.44459 181.46126 182 
gaussian 209 1.0 76.66802 180.97731 179 
gaussian 209 1.0 76.64899 181.14270 179 
gaussian 209 1.0 76.85414 181.19526 177 
gaussian 209 1.0 76.76286 180.80653 180 
gaussian 209 1.0 76.64484 181.09555 179 
gaussian 209 1.0 76.40314 181.37630 184 
gaussian 209 1.0 76.73198 180.86625 182 
gaussian 209 1.0 76.66925 181.16231 185 
gaussian 209 1.0 76.45718 180.93553 187 
gaussian 209 1.0 76.73381 181.43953 193 
gaussian 209 1.0 76.73092 181.31495 190 
gaussian 209 1.0 76.54995 181.29595 183 
gaussian 209 1.0 76.26687 180.82366 179 
gaussian 209 1.0 76.98843 180.72233 178 
gaussian 209 1.0 76.60612 181.05099 180 
gaussian 209 1.0 76.68069 181.13609 181 
gaussian 209 1.0 76.75250 180.84812 179 
gaussian 209 1.0 76.28986 180.77793 181 
gaussian 209 1.0 76.67006 180.76048 179 
gaussian 209 1.0 76.12584 181.10140 182 
gaussian 209 1.0 76.82876 181.54347 181 
gaussian 209 1.0 76.86718 181.45472 181 
gaussian 209 1.0 76.47235 180.72312 180 
gaussian 209 1.0 76.35769 181.11191 181 
gaussian 209 1.0 76.51608 181.34734 180 
gaussian 209 1.0 76.72724 181.07140 182 
gaussian 209 1.0 76.44853 181.04157 185 
gaussian 209 1.0 76.74132 181.35115 185 
gaussian 209 1.0 76.20252 181.20473 189 
gaussian 209 1.0 76.88732 181.27254 186 
gaussian 209 1.0 76.88318 180.84731 186 
gaussian 209 1.0 76.72030 181.01893 191 
gaussian 209 1.0 76.00356 180.84944 183 
gaussian 324 1.0 119.45291 421.42712 155 
gaussian 324 1.0 119.46918 421.25144 154 
gaussian 324 1.0 118.79571 420.92404 156 
gaussian 324 1.0 119.39447 419.66133 154 
gaussian 324 1.0 119.52216 420.84284 154 
gaussian 324 1.0 119.43305 420.51128 154 
gaussian 324 1.0 119.05117 420.92249 156 
gaussian 324 1.0 119.20990 420.78235 156 
gaussian 324 1.0 119.22355 419.41167 156 
gaussian 324 1.0 118.83625 420.67005 156 
gaussian 324 1.0 119.32729 419.66987 154 
gaussian 324 1.0 119.32739 421.25131 154 
gaussian 324 1.0 119.37226 419.42791 155 
gaussian 324 1.0 118.88269 420.64126 155 
gaussian 324 1.0 119.60597 420.00562 153 
gaussian 324 1.0 119.15329 421.02841 157 
gaussian 324 1.0 119.13751 421.12757 159 
gaussian 324 1.0 119.45283 419.50626 156 
gaussian 324 1.0 119.41342 420.32470 155 
gaussian 324 1.0 118.95243 420.87943 156 
gaussian 324 1.0 119.21269 420.48642 155 
gaussian 324 1.0 119.19894 419.52706 153 
gaussian 324 1.0 118.81398 420.33611 155 
gaussian 324 1.0 118.97021 419.51022 154 
gaussian 324 1.0 119.25339 421.20650 156 
gaussian 324 1.0 118.77573 420.46439 159 
gaussian 324 1.0 119.03037 420.68149 158 
gaussian 324 1.0 119.17760 420.84076 155 
gaussian 324 1.0 118.85793 420.40243 155 
gaussian 324 1.0 119.47056 420.95378 155 
gaussian 324 1.0 119.08631 419.78069 154 
gaussian 324 1.0 119.55805 419.63473 154 
gaussian 324 1.0 119.16195 421.31172 155 
gaussian 324 1.0 119.39581 419.72376 154 
gaussian 324 1.0 119.63708 419.51631 156 
gaussian 324 1.0 119.53109 419.64883 158 
gaussian 324 1.0 119.73551 420.27443 156 
gaussian 324 1.0 119.41126 420.66675 157 
gaussian 324 1.0 119.38020 421.22206 154 
gaussian 324 1.0 118.68972 420.45732 157 
gaussian 324 1.0 119.55822 421.12544 155 
gaussian 324 1.0 119.78082 419.72829 153 
gaussian 324 1.0 119.08580 419.99916 154 
gaussian 324 1.0 119.13184 420.43173 157 
gaussian 324 1.0 119.21471 420.50129 157 
gaussian 324 1.0 119.51814 419.75550 159 
gaussian 324 1.0 118.96051 421.29656 156 
gaussian 324 1.0 119.12853 420.43448 154 
gaussian 324 1.0 119.09922 421.18012 153 
gaussian 324 1.0 119.21512 420.93645 157 
gaussian 324 1.0 119.28165 421.30328 156 
gaussian 324 1.0 118.85615 420.38710 155 
gaussian 324 1.0 119.31523 419.79627 158 
gaussian 324 1.0 119.40999 419.74317 158 
gaussian 324 1.0 119.10275 420.57016 157 
gaussian 324 1.0 119.35713 420.89145 156 
gaussian 324 1.0 118.97264 421.28091 157 
gaussian 324 1.0 119.11956 420.67159 154 
gaussian 324 1.0 119.31240 420.81092 155 
gaussian 324 1.0 118.98057 421.26466 155 
gaussian 324 1.0 118.94413 419.64374 154 
gaussian 324 1.0 119.23198 420.16241 154 
gaussian 324 1.0 119.38848 421.47223 157 
gaussian 324 1.0 119.00589 421.20073 159 
gaussian 324 1.0 119.30900 421.46163 157 
gaussian 324 1.0 118.44476 421.02115 156 
gaussian 324 1.0 119.31491 419.44747 154 
gaussian 324 1.0 119.39899 419.72555 153 
gaussian 324 1.0 119.63687 421.35636 155 
gaussian 324 1.0 119.38116 421.33091 155 
gaussian 324 1.0 119.14182 419.50966 155 
gaussian 324 1.0 119.42946 421.48091 155 
gaussian 324 1.0 119.53095 420.15348 154 
gaussian 324 1.0 119.11843 420.84738 159 
gaussian 324 1.0 119.33837 420.98172 157 
gaussian 324 1.0 119.21122 420.58432 157 
gaussian 324 1.0 119.60973 419.34547 156 
gaussian 324 1.0 118.87058 419.49910 154 
gaussian 324 1.0 118.68171 421.54988 156 
gaussian 324 1.0 118.85310 419.82047 155 
gaussian 324 1.0 118.83129 421.04095 155 
gaussian 324 1.0 119.10658 421.31637 156 
gaussian 324 1.0 119.10186 419.85272 158 
gaussian 324 1.0 118.75332 419.35035 157 
gaussian 324 1.0 119.12092 420.40763 155 
gaussian 324 1.0 119.06062 420.97486 155 
gaussian 324 1.0 119.29453 421.30976 155 
gaussian 324 1.0 119.41705 420.44344 157 
gaussian 324 1.0 119.00151 421.29987 155 
gaussian 324 1.0 119.05838 419.50306 153 
gaussian 324 1.0 118.88578 421.44583 157 
gaussian 324 1.0 119.04175 420.01469 157 
gaussian 324 1.0 118.85636 421.50143 159 
gaussian 324 1.0 119.23263 421.05856 155 
gaussian 324 1.0 119.01649 420.09936 155 
gaussian 324 1.0 119.10747 420.36514 155 
gaussian 324 1.0 118.93131 421.18324 156 
gaussian 324 1.0 119.17331 419.52941 155 
gaussian 324 1.0 119.35218 419.77436 155 
gaussian 324 1.0 119.13507 420.77597 155 
fft 40 1.0 16.65857 11.63308 307 
fft 40 1.0 16.76664 11.62933 308 
fft 40 1.0 16.63903 11.62856 301 
fft 40 1.0 16.61628 11.61336 284 
fft 40 1.0 16.65962 11.61415 303 
fft 40 1.0 16.75994 11.61696 275 
fft 40 1.0 16.75017 11.63032 311 
fft 40 1.0 16.76332 11.64154 306 
fft 40 1.0 16.65561 11.63994 275 
fft 40 1.0 16.51536 11.63948 312 
fft 40 1.0 16.77129 11.63685 278 
fft 40 1.0 16.51536 11.64133 299 
fft 40 1.0 16.61628 11.64980 300 
fft 40 1.0 16.61589 11.61979 274 
fft 40 1.0 16.79283 11.62229 319 
fft 40 1.0 16.64241 11.63220 310 
fft 40 1.0 16.61589 11.64485 293 
fft 40 1.0 16.61628 11.61241 325 
fft 40 1.0 16.54899 11.61879 293 
fft 40 1.0 16.75010 11.62637 294 
fft 40 1.0 16.68227 11.61914 302 
fft 40 1.0 16.66790 11.62895 321 
fft 40 1.0 16.77959 11.62934 306 
fft 40 1.0 16.74793 11.61249 305 
fft 40 1.0 16.67197 11.61944 318 
fft 40 1.0 16.61628 11.63452 299 
fft 40 1.0 16.71738 11.62083 328 
fft 40 1.0 16.65962 11.64132 318 
fft 40 1.0 16.66425 11.61952 314 
fft 40 1.0 16.69469 11.61275 326 
fft 40 1.0 16.77959 11.61663 301 
fft 40 1.0 16.66476 11.63524 281 
fft 40 1.0 16.61589 11.60976 318 
fft 40 1.0 16.51536 11.61834 283 
fft 40 1.0 16.80376 11.62985 290 
fft 40 1.0 16.67400 11.62048 297 
fft 40 1.0 16.61589 11.63683 318 
fft 40 1.0 16.75017 11.61136 325 
fft 40 1.0 16.77959 11.61864 314 
fft 40 1.0 16.61589 11.64492 318 
fft 40 1.0 16.79283 11.61985 279 
fft 40 1.0 16.75017 11.60966 318 
fft 40 1.0 16.61589 11.63926 319 
fft 40 1.0 16.70466 11.63154 306 
fft 40 1.0 16.58028 11.63313 315 
fft 40 1.0 16.64231 11.64267 289 
fft 40 1.0 16.75010 11.60945 281 
fft 40 1.0 16.48228 11.63687 315 
fft 40 1.0 16.75017 11.61341 328 
fft 40 1.0 16.65857 11.64401 330 
fft 40 1.0 16.73317 11.62858 315 
fft 40 1.0 16.67470 11.63644 333 
fft 40 1.0 16.77068 11.63325 311 
fft 40 1.0 16.76332 11.63743 324 
fft 40 1.0 16.61628 11.61900 319 
fft 40 1.0 16.63903 11.60908 321 
fft 40 1.0 16.48228 11.62828 299 
fft 40 1.0 16.59947 11.62393 297 
fft 40 1.0 16.57369 11.62841 328 
fft 40 1.0 16.75017 11.62768 331 
fft 40 1.0 16.71660 11.62826 273 
fft 40 1.0 16.51536 11.63385 310 
fft 40 1.0 16.53044 11.62006 296 
fft 40 1.0 16.69383 11.60844 245 
fft 40 1.0 16.53105 11.63481 323 
fft 40 1.0 16.65962 11.63017 317 
fft 40 1.0 16.77508 11.63889 321 
fft 40 1.0 16.51536 11.64014 311 
fft 40 1.0 16.61589 11.63239 319 
fft 40 1.0 16.81385 11.64099 308 
fft 40 1.0 16.54899 11.61799 326 
fft 40 1.0 16.48228 11.63714 309 
fft 40 1.0 16.64150 11.62505 271 
fft 40 1.0 16.71110 11.61729 305 
fft 40 1.0 16.64150 11.61315 317 
fft 40 1.0 16.75017 11.63989 316 
fft 40 1.0 16.75010 11.64628 328 
fft 40 1.0 16.60810 11.62411 296 
fft 40 1.0 16.61628 11.63646 335 
fft 40 1.0 16.69346 11.62818 294 
fft 40 1.0 16.51536 11.63516 321 
fft 40 1.0 16.57770 11.62633 307 
fft 40 1.0 16.64231 11.62082 303 
fft 40 1.0 16.48228 11.61216 275 
fft 40 1.0 16.70124 11.63288 234 
fft 40 1.0 16.75017 11.62332 233 
fft 40 1.0 16.51536 11.64076 226 
fft 40 1.0 16.65961 11.61157 235 
fft 40 1.0 16.70380 11.60900 227 
fft 40 1.0 16.74037 11.61692 236 
fft 40 1.0 16.66110 11.61073 218 
fft 40 1.0 16.75010 11.65149 224 
fft 40 1.0 16.75017 11.62540 229 
fft 40 1.0 16.75017 11.64246 223 
fft 40 1.0 16.75010 11.61405 223 
fft 40 1.0 16.65857 11.63015 219 
fft 40 1.0 16.63903 11.61048 229 
fft 40 1.0 16.48228 11.64300 229 
fft 40 1.0 16.69383 11.65391 227 
fft 40 1.0 16.67268 11.64984 218 
fft 96 1.0 35.16707 51.34354 244 
fft 96 1.0 35.20161 51.47729 241 
fft 96 1.0 35.18423 51.27928 241 
fft 96 1.0 35.17060 51.38139 243 
fft 96 1.0 35.21560 51.31983 247 
fft 96 1.0 35.19828 51.37382 241 
fft 96 1.0 35.16232 51.28074 244 
fft 96 1.0 35.13400 51.32024 246 
fft 96 1.0 35.14764 51.37342 248 
fft 96 1.0 35.18134 51.29018 245 
fft 96 1.0 35.15137 51.27314 245 
fft 96 1.0 35.15188 51.30096 244 
fft 96 1.0 35.19338 51.26826 243 
fft 96 1.0 35.13767 51.39368 244 
fft 96 1.0 35.13147 51.32288 243 
fft 96 1.0 35.08120 51.35650 250 
fft 96 1.0 35.16727 51.28497 244 
fft 96 1.0 35.14129 51.26759 247 
fft 96 1.0 35.19983 51.41552 243 
fft 96 1.0 35.19158 51.31206 242 
fft 96 1.0 35.07041 51.35317 248 
fft 96 1.0 35.20617 51.27322 248 
fft 96 1.0 35.14313 51.37106 244 
fft 96 1.0 35.15393 51.44806 244 
fft 96 1.0 35.10223 51.28572 247 
fft 96 1.0 35.13039 51.31665 245 
fft 96 1.0 35.13413 51.36740 249 
fft 96 1.0 35.12520 51.37553 248 
fft 96 1.0 35.15417 51.38036 244 
fft 96 1.0 35.22106 51.42056 241 
fft 96 1.0 35.19902 51.30437 241 
fft 96 1.0 35.08602 51.29584 247 
fft 96 1.0 35.15477 51.37112 247 
fft 96 1.0 35.17980 51.44146 243 
fft 96 1.0 35.18120 51.32415 246 
fft 96 1.0 35.12787 51.42315 247 
fft 96 1.0 35.17013 51.36061 244 
fft 96 1.0 35.17717 51.30400 242 
fft 96 1.0 35.14468 51.34460 245 
fft 96 1.0 35.13942 51.32972 243 
fft 96 1.0 35.24710 51.38658 244 
fft 96 1.0 35.19220 51.32870 244 
fft 96 1.0 35.09313 51.41304 246 
fft 96 1.0 35.14486 51.28233 247 
fft 96 1.0 35.16084 51.29015 244 
fft 96 1.0 35.13262 51.34357 244 
fft 96 1.0 35.13146 51.29897 263 
fft 96 1.0 35.16830 51.30187 284 
fft 96 1.0 35.16804 51.29098 284 
fft 96 1.0 35.10467 51.38925 285 
fft 96 1.0 35.17320 51.31536 282 
fft 96 1.0 35.13486 51.34383 282 
fft 96 1.0 35.11863 51.29280 283 
fft 96 1.0 35.23562 51.38405 288 
fft 96 1.0 35.10519 51.31068 288 
fft 96 1.0 35.11607 51.27814 295 
fft 96 1.0 35.15126 51.33871 292 
fft 96 1.0 35.09593 51.40566 292 
fft 96 1.0 35.13360 51.38075 295 
fft 96 1.0 35.17477 51.26907 285 
fft 96 1.0 35.10983 51.35295 295 
fft 96 1.0 35.17742 51.34775 293 
fft 96 1.0 35.12234 51.35993 291 
fft 96 1.0 35.10692 51.38867 292 
fft 96 1.0 35.13127 51.33784 282 
fft 96 1.0 35.17726 51.36945 289 
fft 96 1.0 35.08807 51.35710 296 
fft 96 1.0 35.14106 51.34981 290 
fft 96 1.0 35.17833 51.37626 297 
fft 96 1.0 35.12873 51.36591 292 
fft 96 1.0 35.17202 51.34057 252 
fft 96 1.0 35.10657 51.39787 244 
fft 96 1.0 35.16400 51.36228 244 
fft 96 1.0 35.13947 51.34304 249 
fft 96 1.0 35.17464 51.41660 244 
fft 96 1.0 35.16070 51.38132 245 
fft 96 1.0 35.23215 51.42604 245 
fft 96 1.0 35.13353 51.31130 244 
fft 96 1.0 35.15120 51.31265 244 
fft 96 1.0 35.24523 51.42455 247 
fft 96 1.0 35.13557 51.40404 244 
fft 96 1.0 35.19608 51.34638 244 
fft 96 1.0 35.18803 51.26735 247 
fft 96 1.0 35.17143 51.33314 245 
fft 96 1.0 35.14191 51.44682 246 
fft 96 1.0 35.13731 51.26817 244 
fft 96 1.0 35.18622 51.38455 243 
fft 96 1.0 35.17230 51.27476 243 
fft 96 1.0 35.08159 51.43874 246 
fft 96 1.0 35.17089 51.27534 244 
fft 96 1.0 35.13273 51.29723 248 
fft 96 1.0 35.18866 51.40601 248 
fft 96 1.0 35.13351 51.39787 246 
fft 96 1.0 35.14237 51.42055 245 
fft 96 1.0 35.19213 51.34855 242 
fft 96 1.0 35.14147 51.28735 248 
fft 96 1.0 35.10723 51.30812 243 
fft 96 1.0 35.12427 51.31336 243 
fft 96 1.0 35.21047 51.27005 241 
fft 96 1.0 35.16947 51.29931 245 
fft 224 1.0 71.92160 255.99893 217 
fft 224 1.0 72.00413 255.93339 217 
fft 224 1.0 71.92582 255.87211 215 
fft 224 1.0 72.02416 255.56092 218 
fft 224 1.0 71.95080 255.69197 220 
fft 224 1.0 71.92453 256.25996 225 
fft 224 1.0 71.92960 256.11334 223 
fft 224 1.0 71.94617 255.49884 224 
fft 224 1.0 71.92958 255.49356 220 
fft 224 1.0 71.96127 255.58929 216 
fft 224 1.0 71.92728 255.61838 218 
fft 224 1.0 71.93333 255.82879 220 
fft 224 1.0 71.92514 255.62295 216 
fft 224 1.0 71.92277 255.74952 218 
fft 224 1.0 71.99767 256.18370 218 
fft 224 1.0 71.93370 256.30185 215 
fft 224 1.0 71.91677 256.02667 222 
fft 224 1.0 71.99587 256.15701 218 
fft 224 1.0 71.93540 255.71408 219 
fft 224 1.0 71.92687 255.50584 221 
fft 224 1.0 71.91803 256.06152 225 
fft 224 1.0 71.92440 255.51083 222 
fft 224 1.0 71.93231 255.57330 226 
fft 224 1.0 71.93087 256.36344 220 
fft 224 1.0 71.91858 255.88989 216 
fft 224 1.0 71.97234 256.14853 222 
fft 224 1.0 71.99363 256.25618 219 
fft 224 1.0 71.97940 256.20933 218 
fft 224 1.0 71.91343 256.04221 218 
fft 224 1.0 71.92642 256.41701 221 
fft 224 1.0 71.92479 255.71851 218 
fft 224 1.0 71.91670 255.55806 220 
fft 224 1.0 71.93008 256.17401 216 
fft 224 1.0 71.93547 256.37167 221 
fft 224 1.0 71.98117 256.26732 223 
fft 224 1.0 71.91458 256.06057 225 
fft 224 1.0 71.95028 256.24673 221 
fft 224 1.0 71.92631 256.11661 225 
fft 224 1.0 71.97437 255.80026 213 
fft 224 1.0 71.92199 255.57125 215 
fft 224 1.0 71.91748 256.03041 218 
fft 224 1.0 71.92080 255.53994 218 
fft 224 1.0 71.93857 256.42164 218 
fft 224 1.0 71.92032 255.81455 220 
fft 224 1.0 72.01492 256.37237 213 
fft 224 1.0 71.91587 255.79909 219 
fft 224 1.0 71.92612 255.71928 218 
fft 224 1.0 71.92948 256.40146 217 
fft 224 1.0 71.93026 255.93273 223 
fft 224 1.0 71.93493 256.36348 221 
fft 224 1.0 71.93465 255.64317 220 
fft 224 1.0 71.92408 255.87985 221 
fft 224 1.0 71.91902 256.00762 222 
fft 224 1.0 71.92852 256.10171 219 
fft 224 1.0 71.91577 255.46759 216 
fft 224 1.0 71.94060 255.46596 214 
fft 224 1.0 71.92327 255.72457 220 
fft 224 1.0 71.91113 255.87572 218 
fft 224 1.0 71.91355 256.01468 219 
fft 224 1.0 71.91833 255.43348 216 
fft 224 1.0 71.93777 256.08968 214 
fft 224 1.0 71.91211 256.04549 221 
fft 224 1.0 71.92368 256.26866 221 
fft 224 1.0 71.91910 256.26940 223 
fft 224 1.0 71.92818 255.79880 226 
fft 224 1.0 71.93727 255.44869 220 
fft 224 1.0 71.98949 255.77838 228 
fft 224 1.0 72.01013 255.90630 216 
fft 224 1.0 71.92887 255.62095 216 
fft 224 1.0 71.93723 256.04062 214 
fft 224 1.0 71.92236 256.43059 220 
fft 224 1.0 72.02323 255.79833 217 
fft 224 1.0 71.92673 255.58339 215 
fft 224 1.0 72.01004 255.80391 216 
fft 224 1.0 72.01494 256.31717 216 
fft 224 1.0 71.92446 256.14035 216 
fft 224 1.0 71.94757 255.62736 218 
fft 224 1.0 71.91859 255.80804 225 
fft 224 1.0 71.93686 256.15170 223 
fft 224 1.0 72.00826 256.17384 222 
fft 224 1.0 71.94907 255.99247 225 
fft 224 1.0 71.98017 256.36160 222 
fft 224 1.0 71.94092 255.46393 212 
fft 224 1.0 72.01403 256.29629 215 
fft 224 1.0 71.94124 255.71681 215 
fft 224 1.0 71.97559 256.10845 219 
fft 224 1.0 71.92201 255.43945 216 
fft 224 1.0 71.92395 256.19330 218 
fft 224 1.0 71.93057 256.33365 213 
fft 224 1.0 71.91816 255.65195 219 
fft 224 1.0 71.93749 255.56771 216 
fft 224 1.0 71.93211 255.68572 220 
fft 224 1.0 72.01957 255.98190 225 
fft 224 1.0 71.94303 255.44944 223 
fft 224 1.0 72.01793 256.41612 224 
fft 224 1.0 71.94135 255.69773 220 
fft 224 1.0 71.92545 255.58612 218 
fft 224 1.0 71.92760 256.10669 216 
fft 224 1.0 71.92622 255.42691 216 
fft 224 1.0 71.93967 256.24175 216 
