CyberShake 8 1.0 63.00000 0.00500 62.00000 0.01900 2 62.00000 0.01500 9 54.00000 0.16100 272 63.00000 0.00100 0 54.00000 0.17600 19 54.00000 2.00000 2138 
CyberShake 8 1.0 63.00000 0.00100 62.00000 0.00800 1 62.00000 0.01500 7 54.00000 0.12200 195 63.00000 0.00200 0 54.00000 0.07500 5 54.00000 2.00000 2868 
CyberShake 8 1.0 63.00000 0.00100 62.00000 0.00900 1 62.00000 0.02200 12 54.00000 0.14800 345 63.00000 0.00100 0 54.00000 0.05800 8 54.00000 2.00000 2975 
CyberShake 8 1.0 63.00000 0.00000 62.00000 0.00900 2 62.00000 0.01200 7 54.00000 0.06100 150 63.00000 0.00100 0 54.00000 0.05700 9 54.00000 2.00000 3204 
CyberShake 8 1.0 63.00000 0.00100 56.66667 0.01200 3 62.00000 0.00100 0 54.00000 0.07400 175 63.00000 0.00100 0 54.00000 0.04600 7 54.00000 2.00000 2386 
CyberShake 8 1.0 63.00000 0.00000 62.00000 0.01300 2 62.00000 0.02400 8 54.00000 0.10900 147 63.00000 0.00000 0 54.00000 0.05700 5 54.00000 2.00000 1997 
CyberShake 8 1.0 63.00000 0.00500 54.00000 0.02200 2 62.00000 0.05800 22 54.00000 0.42200 759 63.00000 0.00100 0 54.00000 0.06100 7 54.00000 2.00000 1583 
CyberShake 8 1.0 63.00000 0.00100 60.33333 0.02500 3 62.00000 0.03800 9 54.00000 0.09000 102 63.00000 0.00100 0 54.00000 0.09700 4 54.00000 2.00000 1580 
CyberShake 8 1.0 63.00000 0.01400 62.00000 0.03100 1 62.00000 0.06800 9 54.00000 0.10700 92 63.00000 0.00100 0 54.00000 0.08100 4 54.00000 2.00000 2379 
CyberShake 8 1.0 63.00000 0.00000 60.33333 0.01200 3 62.00000 0.00500 1 54.00000 0.11900 207 63.00000 0.00100 0 54.00000 0.09200 12 54.00000 2.00000 2700 
CyberShake 8 1.0 63.00000 0.00100 62.00000 0.01000 1 62.00000 0.01600 7 54.00000 0.15300 231 63.00000 0.00100 0 54.00000 0.07000 5 54.00000 2.00000 2430 
CyberShake 8 1.0 63.00000 0.00000 61.66667 0.01200 3 62.00000 0.02300 15 54.00000 0.12900 232 63.00000 0.00000 0 54.00000 0.07300 12 54.00000 2.00000 3049 
CyberShake 8 1.0 63.00000 0.00100 60.33333 0.01400 3 62.00000 0.01200 5 54.00000 0.32300 523 63.00000 0.00100 0 54.00000 0.09300 10 54.00000 2.00000 2560 
