Montage 25 1.0 28.546 5.285 259
Montage 25 1.0 28.546 5.288 241
Montage 25 1.0 28.546 5.296 255
Montage 25 1.0 28.546 5.277 239
Montage 25 1.0 28.546 5.297 232
Montage 25 1.0 28.546 5.299 226
Montage 25 1.0 28.546 5.291 220
Montage 25 1.0 28.546 5.290 258
Montage 25 1.0 28.587 5.275 290
Montage 25 1.0 28.504 5.275 229
Montage 50 1.0 52.987 19.562 311
Montage 50 1.0 52.987 19.551 316
Montage 50 1.0 53.057 19.556 310
Montage 50 1.0 53.137 19.562 326
Montage 50 1.0 53.017 19.546 425
Montage 50 1.0 53.067 19.570 432
Montage 50 1.0 53.017 19.587 415
Montage 50 1.0 53.017 19.552 312
Montage 50 1.0 53.017 19.575 322
Montage 50 1.0 53.067 19.587 325
Montage 100 1.0 103.274 102.160 520
Montage 100 1.0 103.062 102.166 553
Montage 100 1.0 103.304 102.086 497
Montage 100 1.0 103.235 102.136 538
Montage 100 1.0 103.277 102.022 532
Montage 100 1.0 103.273 102.046 520
Montage 100 1.0 103.358 102.123 550
Montage 100 1.0 103.292 102.059 507
Montage 100 1.0 103.282 102.142 550
Montage 100 1.0 103.277 102.043 519
CyberShake 30 1.0 156.127 8.018 325
CyberShake 30 1.0 156.127 8.023 325
CyberShake 30 1.0 156.127 8.010 323
CyberShake 30 1.0 156.127 8.020 299
CyberShake 30 1.0 156.127 7.997 327
CyberShake 30 1.0 156.127 8.003 292
CyberShake 30 1.0 156.127 8.028 275
CyberShake 30 1.0 156.127 8.009 364
CyberShake 30 1.0 156.127 8.008 380
CyberShake 30 1.0 156.127 8.017 313
CyberShake 50 1.0 180.685 22.428 463
CyberShake 50 1.0 180.685 22.442 452
CyberShake 50 1.0 181.890 22.445 434
CyberShake 50 1.0 179.938 22.404 424
CyberShake 50 1.0 181.597 22.435 437
CyberShake 50 1.0 179.953 22.432 448
CyberShake 50 1.0 179.938 22.445 456
CyberShake 50 1.0 179.938 22.457 387
CyberShake 50 1.0 179.953 22.420 331
CyberShake 50 1.0 179.953 22.447 323
CyberShake 100 1.0 239.227 138.580 636
CyberShake 100 1.0 239.156 138.501 579
CyberShake 100 1.0 239.169 138.532 581
CyberShake 100 1.0 239.227 138.516 581
CyberShake 100 1.0 239.271 138.636 580
CyberShake 100 1.0 240.607 138.506 640
CyberShake 100 1.0 239.555 138.523 653
CyberShake 100 1.0 239.753 138.582 594
CyberShake 100 1.0 239.087 138.526 582
CyberShake 100 1.0 239.250 138.566 583
Epigenomics 24 1.0 2320.908 4.333 182
Epigenomics 24 1.0 2320.908 4.320 206
Epigenomics 24 1.0 2320.908 4.332 270
Epigenomics 24 1.0 2320.908 4.318 232
Epigenomics 24 1.0 2320.908 4.314 187
Epigenomics 24 1.0 2320.908 4.320 235
Epigenomics 24 1.0 2320.908 4.315 222
Epigenomics 24 1.0 2320.908 4.346 178
Epigenomics 24 1.0 2320.908 4.329 181
Epigenomics 24 1.0 2320.908 4.313 199
Epigenomics 47 1.0 4313.610 13.205 270
Epigenomics 47 1.0 4313.610 13.218 262
Epigenomics 47 1.0 4313.610 13.241 259
Epigenomics 47 1.0 4313.610 13.247 256
Epigenomics 47 1.0 4313.610 13.219 259
Epigenomics 47 1.0 4313.610 13.196 259
Epigenomics 47 1.0 4313.610 13.230 257
Epigenomics 47 1.0 4313.610 13.231 260
Epigenomics 47 1.0 4313.610 13.198 253
Epigenomics 47 1.0 4313.610 13.218 241
Epigenomics 100 1.0 35272.953 54.819 284
Epigenomics 100 1.0 35246.373 54.939 280
Epigenomics 100 1.0 35266.559 54.899 281
Epigenomics 100 1.0 35260.513 54.815 336
Epigenomics 100 1.0 35272.953 54.938 319
Epigenomics 100 1.0 35223.197 54.888 319
Epigenomics 100 1.0 35260.472 54.885 336
Epigenomics 100 1.0 35258.428 54.917 325
Epigenomics 100 1.0 35228.758 54.931 280
Epigenomics 100 1.0 35245.223 54.842 287
Ligo 30 1.0 657.356 6.497 235
Ligo 30 1.0 657.356 6.496 226
Ligo 30 1.0 658.005 6.493 241
Ligo 30 1.0 658.233 6.470 246
Ligo 30 1.0 658.233 6.486 251
Ligo 30 1.0 657.356 6.486 246
Ligo 30 1.0 658.233 6.468 234
Ligo 30 1.0 657.980 6.487 247
Ligo 30 1.0 657.356 6.490 292
Ligo 30 1.0 657.356 6.498 249
Ligo 50 1.0 994.882 14.705 258
Ligo 50 1.0 995.044 14.717 257
Ligo 50 1.0 994.827 14.708 263
Ligo 50 1.0 992.075 14.702 253
Ligo 50 1.0 993.862 14.717 240
Ligo 50 1.0 993.342 14.695 256
Ligo 50 1.0 994.162 14.705 351
Ligo 50 1.0 991.513 14.700 335
Ligo 50 1.0 993.829 14.713 347
Ligo 50 1.0 993.226 14.699 333
Ligo 100 1.0 1757.245 32.554 227
Ligo 100 1.0 1755.020 32.525 223
Ligo 100 1.0 1756.295 32.593 189
Ligo 100 1.0 1756.907 32.495 183
Ligo 100 1.0 1755.447 32.491 186
Ligo 100 1.0 1758.827 32.577 183
Ligo 100 1.0 1760.751 32.498 184
Ligo 100 1.0 1759.740 32.502 186
Ligo 100 1.0 1758.348 32.508 183
Ligo 100 1.0 1757.758 32.521 182
gaussian 9 1.0 8.542 1.381 218
gaussian 9 1.0 8.542 1.369 92
gaussian 9 1.0 8.542 1.370 145
gaussian 9 1.0 8.542 1.375 96
gaussian 9 1.0 8.542 1.377 115
gaussian 9 1.0 8.542 1.368 317
gaussian 9 1.0 8.542 1.389 505
gaussian 9 1.0 8.542 1.364 233
gaussian 9 1.0 8.542 1.364 297
gaussian 9 1.0 8.542 1.369 185
gaussian 209 1.0 76.989 180.813 233
gaussian 209 1.0 76.532 181.249 234
gaussian 209 1.0 76.670 181.261 232
gaussian 209 1.0 76.711 180.884 231
gaussian 209 1.0 76.645 180.846 234
gaussian 209 1.0 76.845 181.105 234
gaussian 209 1.0 76.527 180.821 231
gaussian 209 1.0 76.427 181.244 233
gaussian 209 1.0 76.618 180.788 231
gaussian 209 1.0 76.444 180.765 234
gaussian 324 1.0 119.418 420.016 201
gaussian 324 1.0 119.528 419.491 200
gaussian 324 1.0 119.402 420.977 200
gaussian 324 1.0 119.226 420.079 203
gaussian 324 1.0 119.506 420.698 199
gaussian 324 1.0 119.134 419.757 198
gaussian 324 1.0 119.537 419.974 202
gaussian 324 1.0 119.609 419.338 201
gaussian 324 1.0 119.239 420.202 200
gaussian 324 1.0 119.319 420.015 204
fft 40 1.0 16.539 11.644 296
fft 40 1.0 16.515 11.635 265
fft 40 1.0 16.601 11.633 281
fft 40 1.0 16.771 11.633 294
fft 40 1.0 16.793 11.609 266
fft 40 1.0 16.692 11.611 234
fft 40 1.0 16.649 11.617 238
fft 40 1.0 16.539 11.619 262
fft 40 1.0 16.763 11.632 270
fft 40 1.0 16.616 11.610 280
fft 96 1.0 35.205 51.364 333
fft 96 1.0 35.153 51.268 315
fft 96 1.0 35.218 51.361 307
fft 96 1.0 35.188 51.413 322
fft 96 1.0 35.173 51.296 311
fft 96 1.0 35.160 51.309 313
fft 96 1.0 35.145 51.309 321
fft 96 1.0 35.105 51.335 312
fft 96 1.0 35.178 51.281 321
fft 96 1.0 35.102 51.388 319
fft 224 1.0 71.919 256.042 286
fft 224 1.0 71.921 255.930 280
fft 224 1.0 71.911 256.143 290
fft 224 1.0 71.912 255.778 280
fft 224 1.0 71.925 255.675 285
fft 224 1.0 71.952 255.508 278
fft 224 1.0 72.024 255.433 284
fft 224 1.0 71.932 255.868 277
fft 224 1.0 71.918 255.649 285
fft 224 1.0 71.915 256.067 281
