Montage 25 1.0 28.592 5.275 211
Montage 25 1.0 28.546 5.277 247
Montage 25 1.0 28.504 5.294 224
Montage 25 1.0 28.546 5.282 250
Montage 25 1.0 28.546 5.275 261
Montage 25 1.0 28.504 5.279 244
Montage 25 1.0 28.504 5.285 258
Montage 25 1.0 28.546 5.277 253
Montage 25 1.0 28.546 5.286 256
Montage 25 1.0 28.546 5.296 264
Montage 50 1.0 53.138 19.601 317
Montage 50 1.0 53.032 19.546 313
Montage 50 1.0 53.068 19.571 307
Montage 50 1.0 53.019 19.547 328
Montage 50 1.0 53.078 19.568 407
Montage 50 1.0 53.007 19.578 447
Montage 50 1.0 52.957 19.557 395
Montage 50 1.0 53.081 19.548 313
Montage 50 1.0 53.237 19.591 320
Montage 50 1.0 52.987 19.594 294
Montage 100 1.0 102.968 102.015 525
Montage 100 1.0 103.288 102.018 545
Montage 100 1.0 103.068 102.065 545
Montage 100 1.0 103.351 102.118 505
Montage 100 1.0 103.703 102.021 546
Montage 100 1.0 103.247 102.002 508
Montage 100 1.0 103.277 102.126 542
Montage 100 1.0 103.288 102.079 514
Montage 100 1.0 103.256 102.020 524
Montage 100 1.0 103.568 102.037 538
CyberShake 30 1.0 156.127 8.016 292
CyberShake 30 1.0 156.127 8.031 275
CyberShake 30 1.0 156.127 8.020 298
CyberShake 30 1.0 156.127 8.000 240
CyberShake 30 1.0 156.127 8.014 297
CyberShake 30 1.0 156.127 8.022 295
CyberShake 30 1.0 156.127 8.001 266
CyberShake 30 1.0 156.127 8.006 261
CyberShake 30 1.0 156.127 8.015 263
CyberShake 30 1.0 156.127 8.009 252
CyberShake 50 1.0 180.871 22.447 325
CyberShake 50 1.0 179.938 22.419 330
CyberShake 50 1.0 179.953 22.450 325
CyberShake 50 1.0 179.938 22.430 317
CyberShake 50 1.0 179.938 22.436 328
CyberShake 50 1.0 181.713 22.414 316
CyberShake 50 1.0 179.938 22.421 327
CyberShake 50 1.0 180.685 22.451 329
CyberShake 50 1.0 181.645 22.421 324
CyberShake 50 1.0 180.871 22.439 321
CyberShake 100 1.0 239.487 138.549 583
CyberShake 100 1.0 239.287 138.613 566
CyberShake 100 1.0 239.201 138.583 576
CyberShake 100 1.0 239.494 138.582 654
CyberShake 100 1.0 239.228 138.561 654
CyberShake 100 1.0 239.199 138.630 590
CyberShake 100 1.0 239.363 138.563 569
CyberShake 100 1.0 239.313 138.515 578
CyberShake 100 1.0 239.630 138.524 570
CyberShake 100 1.0 239.212 138.502 618
Epigenomics 24 1.0 2320.908 4.320 169
Epigenomics 24 1.0 2320.908 4.337 233
Epigenomics 24 1.0 2320.908 4.329 178
Epigenomics 24 1.0 2320.908 4.337 244
Epigenomics 24 1.0 2320.908 4.320 213
Epigenomics 24 1.0 2320.908 4.315 208
Epigenomics 24 1.0 2320.908 4.319 269
Epigenomics 24 1.0 2320.908 4.322 204
Epigenomics 24 1.0 2320.908 4.328 225
Epigenomics 24 1.0 2320.908 4.358 208
Epigenomics 47 1.0 4318.488 13.228 269
Epigenomics 47 1.0 4313.610 13.231 252
Epigenomics 47 1.0 4313.610 13.209 251
Epigenomics 47 1.0 4318.488 13.210 249
Epigenomics 47 1.0 4313.610 13.230 259
Epigenomics 47 1.0 4313.610 13.197 274
Epigenomics 47 1.0 4313.610 13.190 256
Epigenomics 47 1.0 4313.610 13.197 259
Epigenomics 47 1.0 4318.488 13.241 257
Epigenomics 47 1.0 4313.610 13.208 259
Epigenomics 100 1.0 35272.953 54.926 335
Epigenomics 100 1.0 35229.890 54.866 325
Epigenomics 100 1.0 35228.038 54.932 316
Epigenomics 100 1.0 35272.953 54.873 338
Epigenomics 100 1.0 35272.953 54.858 325
Epigenomics 100 1.0 35245.865 54.898 279
Epigenomics 100 1.0 35225.626 54.882 279
Epigenomics 100 1.0 35267.139 54.803 278
Epigenomics 100 1.0 35264.461 54.867 276
Epigenomics 100 1.0 35272.953 54.795 281
Ligo 30 1.0 657.522 6.478 209
Ligo 30 1.0 657.356 6.467 267
Ligo 30 1.0 657.356 6.468 238
Ligo 30 1.0 657.356 6.495 237
Ligo 30 1.0 659.845 6.500 272
Ligo 30 1.0 658.233 6.477 248
Ligo 30 1.0 657.356 6.483 281
Ligo 30 1.0 658.233 6.488 268
Ligo 30 1.0 657.356 6.475 239
Ligo 30 1.0 658.193 6.487 267
Ligo 50 1.0 994.949 14.730 249
Ligo 50 1.0 995.576 14.706 246
Ligo 50 1.0 994.008 14.717 247
Ligo 50 1.0 996.581 14.698 249
Ligo 50 1.0 993.961 14.688 261
Ligo 50 1.0 991.798 14.721 254
Ligo 50 1.0 993.838 14.701 252
Ligo 50 1.0 993.871 14.721 264
Ligo 50 1.0 996.373 14.709 257
Ligo 50 1.0 995.954 14.723 264
Ligo 100 1.0 1758.607 32.474 222
Ligo 100 1.0 1756.890 32.520 227
Ligo 100 1.0 1753.983 32.568 226
Ligo 100 1.0 1755.876 32.571 224
Ligo 100 1.0 1757.710 32.579 196
Ligo 100 1.0 1755.685 32.547 185
Ligo 100 1.0 1758.960 32.533 183
Ligo 100 1.0 1758.892 32.579 184
Ligo 100 1.0 1756.297 32.495 184
Ligo 100 1.0 1753.870 32.533 190
gaussian 9 1.0 8.542 1.364 383
gaussian 9 1.0 8.542 1.389 68
gaussian 9 1.0 8.542 1.367 142
gaussian 9 1.0 8.542 1.374 161
gaussian 9 1.0 8.542 1.365 181
gaussian 9 1.0 8.542 1.365 347
gaussian 9 1.0 8.542 1.367 283
gaussian 9 1.0 8.542 1.368 289
gaussian 9 1.0 8.542 1.370 220
gaussian 9 1.0 8.542 1.368 117
gaussian 209 1.0 76.476 181.240 235
gaussian 209 1.0 76.882 181.129 233
gaussian 209 1.0 76.319 181.326 231
gaussian 209 1.0 76.212 181.263 231
gaussian 209 1.0 76.533 180.712 233
gaussian 209 1.0 76.358 180.832 232
gaussian 209 1.0 76.357 181.044 237
gaussian 209 1.0 76.694 180.735 232
gaussian 209 1.0 76.412 180.812 234
gaussian 209 1.0 76.100 180.741 235
gaussian 324 1.0 118.692 419.741 206
gaussian 324 1.0 119.320 419.911 194
gaussian 324 1.0 118.988 419.765 199
gaussian 324 1.0 119.062 420.223 201
gaussian 324 1.0 118.816 420.713 199
gaussian 324 1.0 118.830 419.843 200
gaussian 324 1.0 118.669 419.663 201
gaussian 324 1.0 118.562 419.782 203
gaussian 324 1.0 118.010 419.797 200
gaussian 324 1.0 118.999 420.584 199
fft 40 1.0 16.750 11.616 263
fft 40 1.0 16.767 11.616 263
fft 40 1.0 16.771 11.617 278
fft 40 1.0 16.713 11.608 249
fft 40 1.0 16.674 11.648 273
fft 40 1.0 16.780 11.619 257
fft 40 1.0 16.515 11.621 263
fft 40 1.0 16.733 11.647 284
fft 40 1.0 16.804 11.626 269
fft 40 1.0 16.642 11.615 260
fft 96 1.0 35.147 51.350 310
fft 96 1.0 35.121 51.305 313
fft 96 1.0 35.155 51.325 322
fft 96 1.0 35.201 51.407 310
fft 96 1.0 35.215 51.341 313
fft 96 1.0 35.197 51.420 321
fft 96 1.0 35.099 51.305 315
fft 96 1.0 35.155 51.359 309
fft 96 1.0 35.227 51.308 315
fft 96 1.0 35.207 51.408 307
fft 224 1.0 72.019 255.647 280
fft 224 1.0 71.912 255.830 284
fft 224 1.0 71.910 256.110 292
fft 224 1.0 71.915 255.580 280
fft 224 1.0 71.937 255.739 287
fft 224 1.0 71.933 255.839 273
fft 224 1.0 72.010 255.430 282
fft 224 1.0 71.923 255.935 276
fft 224 1.0 71.924 255.615 284
fft 224 1.0 71.922 255.809 277
