Montage 25 1.0 28.546 5.294 218
Montage 25 1.0 28.504 5.298 240
Montage 25 1.0 28.546 5.281 213
Montage 25 1.0 28.546 5.282 213
Montage 25 1.0 28.546 5.275 202
Montage 25 1.0 28.546 5.287 212
Montage 25 1.0 28.546 5.304 180
Montage 25 1.0 28.546 5.275 201
Montage 25 1.0 28.592 5.282 192
Montage 25 1.0 28.592 5.277 220
Montage 50 1.0 53.047 19.603 299
Montage 50 1.0 53.058 19.550 297
Montage 50 1.0 53.067 19.598 288
Montage 50 1.0 52.972 19.557 301
Montage 50 1.0 53.078 19.547 343
Montage 50 1.0 53.057 19.581 413
Montage 50 1.0 52.957 19.545 411
Montage 50 1.0 53.078 19.555 319
Montage 50 1.0 53.098 19.602 299
Montage 50 1.0 52.927 19.593 292
Montage 100 1.0 103.113 102.097 456
Montage 100 1.0 103.284 102.195 458
Montage 100 1.0 103.262 102.143 459
Montage 100 1.0 103.309 102.076 532
Montage 100 1.0 103.267 102.026 534
Montage 100 1.0 103.282 102.183 502
Montage 100 1.0 103.297 102.135 465
Montage 100 1.0 103.211 102.130 463
Montage 100 1.0 103.025 102.141 467
Montage 100 1.0 103.253 102.060 454
CyberShake 30 1.0 156.127 8.005 249
CyberShake 30 1.0 156.127 8.027 252
CyberShake 30 1.0 156.127 8.015 249
CyberShake 30 1.0 156.127 8.035 287
CyberShake 30 1.0 156.127 8.014 209
CyberShake 30 1.0 156.127 8.022 205
CyberShake 30 1.0 156.127 8.022 247
CyberShake 30 1.0 156.127 8.023 260
CyberShake 30 1.0 156.127 8.003 262
CyberShake 30 1.0 156.127 8.013 246
CyberShake 50 1.0 179.938 22.430 408
CyberShake 50 1.0 179.938 22.436 415
CyberShake 50 1.0 179.938 22.407 420
CyberShake 50 1.0 180.871 22.409 318
CyberShake 50 1.0 180.157 22.435 299
CyberShake 50 1.0 179.938 22.422 299
CyberShake 50 1.0 179.938 22.408 301
CyberShake 50 1.0 179.938 22.420 300
CyberShake 50 1.0 179.938 22.401 298
CyberShake 50 1.0 180.871 22.456 296
CyberShake 100 1.0 239.090 138.575 583
CyberShake 100 1.0 239.828 138.478 584
CyberShake 100 1.0 240.350 138.518 529
CyberShake 100 1.0 239.273 138.464 532
CyberShake 100 1.0 238.867 138.501 531
CyberShake 100 1.0 239.097 138.495 526
CyberShake 100 1.0 239.313 138.587 571
CyberShake 100 1.0 239.167 138.589 602
CyberShake 100 1.0 239.217 138.496 559
CyberShake 100 1.0 239.197 138.530 534
Epigenomics 24 1.0 2320.908 4.320 187
Epigenomics 24 1.0 2320.908 4.335 191
Epigenomics 24 1.0 2320.908 4.314 193
Epigenomics 24 1.0 2320.908 4.320 240
Epigenomics 24 1.0 2320.908 4.317 167
Epigenomics 24 1.0 2320.908 4.331 197
Epigenomics 24 1.0 2320.908 4.324 214
Epigenomics 24 1.0 2320.908 4.331 168
Epigenomics 24 1.0 2320.908 4.337 192
Epigenomics 24 1.0 2320.908 4.322 199
Epigenomics 47 1.0 4313.610 13.219 237
Epigenomics 47 1.0 4313.610 13.215 236
Epigenomics 47 1.0 4313.610 13.240 222
Epigenomics 47 1.0 4313.610 13.208 236
Epigenomics 47 1.0 4313.610 13.200 239
Epigenomics 47 1.0 4313.610 13.227 226
Epigenomics 47 1.0 4313.610 13.232 230
Epigenomics 47 1.0 4313.610 13.227 233
Epigenomics 47 1.0 4313.610 13.241 226
Epigenomics 47 1.0 4313.610 13.191 225
Epigenomics 100 1.0 35251.958 54.832 257
Epigenomics 100 1.0 35261.671 54.914 256
Epigenomics 100 1.0 35223.151 54.937 275
Epigenomics 100 1.0 35260.443 54.822 298
Epigenomics 100 1.0 35211.201 54.898 299
Epigenomics 100 1.0 35321.517 54.941 299
Epigenomics 100 1.0 35259.244 54.921 296
Epigenomics 100 1.0 35272.953 54.793 288
Epigenomics 100 1.0 35236.554 54.926 251
Epigenomics 100 1.0 35258.428 54.900 252
Ligo 30 1.0 657.356 6.480 246
Ligo 30 1.0 657.324 6.472 231
Ligo 30 1.0 657.356 6.472 299
Ligo 30 1.0 657.324 6.478 300
Ligo 30 1.0 657.356 6.472 286
Ligo 30 1.0 659.845 6.478 311
Ligo 30 1.0 657.980 6.466 310
Ligo 30 1.0 658.233 6.466 302
Ligo 30 1.0 658.233 6.470 295
Ligo 30 1.0 658.233 6.481 228
Ligo 50 1.0 991.851 14.683 231
Ligo 50 1.0 995.053 14.696 237
Ligo 50 1.0 995.605 14.722 234
Ligo 50 1.0 996.140 14.702 239
Ligo 50 1.0 995.576 14.685 232
Ligo 50 1.0 998.175 14.736 230
Ligo 50 1.0 995.951 14.724 239
Ligo 50 1.0 997.319 14.698 238
Ligo 50 1.0 992.886 14.720 238
Ligo 50 1.0 993.561 14.717 238
Ligo 100 1.0 1756.953 32.554 200
Ligo 100 1.0 1756.945 32.503 206
Ligo 100 1.0 1755.585 32.513 200
Ligo 100 1.0 1756.153 32.564 202
Ligo 100 1.0 1756.357 32.572 199
Ligo 100 1.0 1758.616 32.563 203
Ligo 100 1.0 1757.170 32.456 202
Ligo 100 1.0 1758.863 32.526 195
Ligo 100 1.0 1756.043 32.520 169
Ligo 100 1.0 1759.026 32.500 167
gaussian 9 1.0 8.542 1.372 89
gaussian 9 1.0 8.542 1.369 78
gaussian 9 1.0 8.542 1.365 217
gaussian 9 1.0 8.542 1.365 98
gaussian 9 1.0 8.542 1.368 148
gaussian 9 1.0 8.542 1.385 181
gaussian 9 1.0 8.542 1.384 109
gaussian 9 1.0 8.542 1.366 71
gaussian 9 1.0 8.542 1.375 159
gaussian 9 1.0 8.542 1.370 66
gaussian 209 1.0 76.358 181.309 214
gaussian 209 1.0 76.645 181.215 216
gaussian 209 1.0 76.281 181.155 212
gaussian 209 1.0 76.402 181.381 210
gaussian 209 1.0 76.452 180.711 216
gaussian 209 1.0 76.200 180.810 210
gaussian 209 1.0 76.860 180.844 213
gaussian 209 1.0 76.253 180.814 210
gaussian 209 1.0 76.274 181.331 217
gaussian 209 1.0 76.477 181.039 218
gaussian 324 1.0 119.121 420.230 181
gaussian 324 1.0 118.735 420.504 189
gaussian 324 1.0 118.751 419.748 182
gaussian 324 1.0 118.789 420.668 184
gaussian 324 1.0 118.725 420.183 185
gaussian 324 1.0 119.091 421.152 183
gaussian 324 1.0 119.011 419.679 181
gaussian 324 1.0 118.294 419.923 185
gaussian 324 1.0 118.651 419.396 183
gaussian 324 1.0 118.701 420.591 179
fft 40 1.0 16.705 11.643 239
fft 40 1.0 16.785 11.628 256
fft 40 1.0 16.750 11.636 248
fft 40 1.0 16.721 11.624 263
fft 40 1.0 16.804 11.637 239
fft 40 1.0 16.804 11.638 252
fft 40 1.0 16.804 11.651 261
fft 40 1.0 16.680 11.628 251
fft 40 1.0 16.858 11.620 236
fft 40 1.0 16.905 11.635 249
fft 96 1.0 35.166 51.341 282
fft 96 1.0 35.179 51.348 294
fft 96 1.0 35.203 51.402 274
fft 96 1.0 35.146 51.327 304
fft 96 1.0 35.169 51.388 276
fft 96 1.0 35.157 51.433 308
fft 96 1.0 35.169 51.345 276
fft 96 1.0 35.204 51.321 306
fft 96 1.0 35.199 51.409 296
fft 96 1.0 35.206 51.381 279
fft 224 1.0 72.010 255.481 246
fft 224 1.0 72.035 255.749 252
fft 224 1.0 71.935 256.138 243
fft 224 1.0 71.930 256.262 252
fft 224 1.0 71.945 255.499 249
fft 224 1.0 71.934 255.908 250
fft 224 1.0 71.934 256.129 254
fft 224 1.0 71.984 256.070 251
fft 224 1.0 71.974 256.194 248
fft 224 1.0 71.928 255.544 253
