Montage 25 1.0 28.504 5.276 170
Montage 25 1.0 28.546 5.302 224
Montage 25 1.0 28.546 5.280 199
Montage 25 1.0 28.546 5.280 312
Montage 25 1.0 28.546 5.303 289
Montage 25 1.0 28.592 5.294 256
Montage 25 1.0 28.546 5.283 249
Montage 25 1.0 28.546 5.279 251
Montage 25 1.0 28.546 5.276 255
Montage 25 1.0 28.504 5.296 248
Montage 50 1.0 53.127 19.605 319
Montage 50 1.0 53.096 19.596 321
Montage 50 1.0 53.077 19.584 326
Montage 50 1.0 53.117 19.553 326
Montage 50 1.0 53.037 19.557 405
Montage 50 1.0 52.928 19.590 429
Montage 50 1.0 53.118 19.546 375
Montage 50 1.0 52.987 19.546 319
Montage 50 1.0 53.077 19.596 330
Montage 50 1.0 52.987 19.570 310
Montage 100 1.0 103.008 102.029 534
Montage 100 1.0 103.289 102.113 556
Montage 100 1.0 103.255 102.141 515
Montage 100 1.0 103.048 102.179 543
Montage 100 1.0 103.277 102.078 544
Montage 100 1.0 103.257 102.022 517
Montage 100 1.0 103.263 102.050 553
Montage 100 1.0 103.273 102.144 514
Montage 100 1.0 103.281 102.173 556
Montage 100 1.0 103.237 102.110 546
CyberShake 30 1.0 156.127 8.030 298
CyberShake 30 1.0 156.127 8.018 288
CyberShake 30 1.0 156.127 8.018 272
CyberShake 30 1.0 156.127 8.009 311
CyberShake 30 1.0 156.127 8.000 310
CyberShake 30 1.0 156.127 8.005 349
CyberShake 30 1.0 156.127 8.016 300
CyberShake 30 1.0 156.127 8.014 279
CyberShake 30 1.0 156.127 8.003 286
CyberShake 30 1.0 156.127 8.016 264
CyberShake 50 1.0 180.333 22.463 333
CyberShake 50 1.0 179.938 22.422 333
CyberShake 50 1.0 180.621 22.401 328
CyberShake 50 1.0 179.938 22.440 327
CyberShake 50 1.0 179.673 22.415 361
CyberShake 50 1.0 179.938 22.425 455
CyberShake 50 1.0 179.938 22.412 467
CyberShake 50 1.0 179.938 22.417 445
CyberShake 50 1.0 179.938 22.414 464
CyberShake 50 1.0 180.871 22.412 411
CyberShake 100 1.0 239.238 138.625 591
CyberShake 100 1.0 239.213 138.459 591
CyberShake 100 1.0 239.189 138.561 654
CyberShake 100 1.0 240.286 138.464 694
CyberShake 100 1.0 240.154 138.482 623
CyberShake 100 1.0 239.152 138.523 592
CyberShake 100 1.0 240.681 138.474 589
CyberShake 100 1.0 239.413 138.502 593
CyberShake 100 1.0 239.461 138.634 603
CyberShake 100 1.0 239.117 138.460 663
Epigenomics 24 1.0 2320.908 4.318 207
Epigenomics 24 1.0 2320.908 4.319 216
Epigenomics 24 1.0 2320.908 4.313 211
Epigenomics 24 1.0 2320.908 4.324 265
Epigenomics 24 1.0 2320.908 4.311 250
Epigenomics 24 1.0 2320.908 4.318 249
Epigenomics 24 1.0 2320.908 4.320 233
Epigenomics 24 1.0 2320.908 4.319 270
Epigenomics 24 1.0 2320.908 4.326 260
Epigenomics 24 1.0 2320.908 4.326 219
Epigenomics 47 1.0 4313.610 13.222 248
Epigenomics 47 1.0 4313.610 13.203 238
Epigenomics 47 1.0 4313.610 13.198 260
Epigenomics 47 1.0 4313.610 13.196 249
Epigenomics 47 1.0 4318.488 13.199 260
Epigenomics 47 1.0 4313.610 13.192 264
Epigenomics 47 1.0 4313.610 13.194 263
Epigenomics 47 1.0 4313.610 13.223 252
Epigenomics 47 1.0 4313.610 13.214 250
Epigenomics 47 1.0 4313.610 13.233 254
Epigenomics 100 1.0 35243.981 54.797 332
Epigenomics 100 1.0 35273.252 54.845 306
Epigenomics 100 1.0 35272.862 54.808 282
Epigenomics 100 1.0 35225.412 54.918 284
Epigenomics 100 1.0 35235.357 54.802 285
Epigenomics 100 1.0 35228.016 54.900 280
Epigenomics 100 1.0 35295.983 54.900 283
Epigenomics 100 1.0 35237.391 54.818 276
Epigenomics 100 1.0 35246.373 54.848 281
Epigenomics 100 1.0 35272.862 54.915 279
Ligo 30 1.0 658.233 6.472 247
Ligo 30 1.0 658.233 6.486 254
Ligo 30 1.0 657.356 6.477 238
Ligo 30 1.0 658.233 6.471 251
Ligo 30 1.0 657.356 6.479 278
Ligo 30 1.0 658.233 6.473 216
Ligo 30 1.0 658.233 6.482 237
Ligo 30 1.0 657.356 6.491 225
Ligo 30 1.0 657.356 6.481 242
Ligo 30 1.0 657.356 6.492 256
Ligo 50 1.0 993.721 14.714 260
Ligo 50 1.0 991.765 14.701 260
Ligo 50 1.0 994.191 14.709 256
Ligo 50 1.0 994.278 14.743 251
Ligo 50 1.0 1002.903 14.715 256
Ligo 50 1.0 997.713 14.688 260
Ligo 50 1.0 994.848 14.706 260
Ligo 50 1.0 990.988 14.709 258
Ligo 50 1.0 992.421 14.688 258
Ligo 50 1.0 992.005 14.721 257
Ligo 100 1.0 1757.870 32.456 187
Ligo 100 1.0 1755.940 32.604 185
Ligo 100 1.0 1756.940 32.551 189
Ligo 100 1.0 1754.963 32.520 209
Ligo 100 1.0 1757.735 32.545 227
Ligo 100 1.0 1757.537 32.510 227
Ligo 100 1.0 1755.127 32.485 226
Ligo 100 1.0 1755.112 32.495 236
Ligo 100 1.0 1756.987 32.471 219
Ligo 100 1.0 1755.825 32.506 222
gaussian 9 1.0 8.542 1.364 330
gaussian 9 1.0 8.542 1.380 580
gaussian 9 1.0 8.542 1.385 308
gaussian 9 1.0 8.542 1.368 281
gaussian 9 1.0 8.542 1.368 97
gaussian 9 1.0 8.542 1.370 123
gaussian 9 1.0 8.542 1.371 242
gaussian 9 1.0 8.542 1.388 267
gaussian 9 1.0 8.542 1.365 444
gaussian 9 1.0 8.542 1.376 80
gaussian 209 1.0 76.787 180.721 236
gaussian 209 1.0 76.273 181.088 240
gaussian 209 1.0 76.273 180.785 243
gaussian 209 1.0 76.267 181.258 244
gaussian 209 1.0 76.653 180.965 236
gaussian 209 1.0 76.561 181.028 243
gaussian 209 1.0 76.788 180.968 239
gaussian 209 1.0 76.399 181.212 245
gaussian 209 1.0 76.767 180.994 242
gaussian 209 1.0 76.163 180.906 246
gaussian 324 1.0 119.323 420.807 202
gaussian 324 1.0 119.405 419.839 209
gaussian 324 1.0 118.945 420.946 208
gaussian 324 1.0 118.845 420.782 203
gaussian 324 1.0 118.617 420.361 212
gaussian 324 1.0 118.882 420.472 204
gaussian 324 1.0 119.116 420.940 206
gaussian 324 1.0 118.970 419.629 213
gaussian 324 1.0 118.751 419.460 207
gaussian 324 1.0 119.151 419.941 207
fft 40 1.0 16.616 11.625 264
fft 40 1.0 16.616 11.609 266
fft 40 1.0 16.746 11.642 296
fft 40 1.0 16.750 11.614 282
fft 40 1.0 16.660 11.641 293
fft 40 1.0 16.660 11.638 265
fft 40 1.0 16.515 11.635 274
fft 40 1.0 16.811 11.640 265
fft 40 1.0 16.750 11.633 276
fft 40 1.0 16.668 11.615 265
fft 96 1.0 35.197 51.311 314
fft 96 1.0 35.187 51.318 323
fft 96 1.0 35.139 51.315 320
fft 96 1.0 35.127 51.277 311
fft 96 1.0 35.103 51.386 329
fft 96 1.0 35.170 51.401 318
fft 96 1.0 35.097 51.387 317
fft 96 1.0 35.235 51.288 334
fft 96 1.0 35.146 51.304 322
fft 96 1.0 35.084 51.329 322
fft 224 1.0 71.920 256.135 289
fft 224 1.0 72.000 255.474 291
fft 224 1.0 71.946 255.799 283
fft 224 1.0 71.931 256.014 289
fft 224 1.0 71.915 255.527 290
fft 224 1.0 71.979 255.682 291
fft 224 1.0 72.005 255.688 286
fft 224 1.0 71.959 256.136 286
fft 224 1.0 71.920 255.998 294
fft 224 1.0 71.930 255.837 285
