Montage 25 1.0 28.504 5.279 214
Montage 25 1.0 28.592 5.281 241
Montage 25 1.0 28.546 5.298 218
Montage 25 1.0 28.546 5.287 227
Montage 25 1.0 28.546 5.294 231
Montage 25 1.0 28.504 5.278 231
Montage 25 1.0 28.546 5.289 228
Montage 25 1.0 28.546 5.295 207
Montage 25 1.0 28.546 5.309 232
Montage 25 1.0 28.546 5.295 252
Montage 50 1.0 53.137 19.551 293
Montage 50 1.0 53.107 19.575 290
Montage 50 1.0 52.928 19.545 307
Montage 50 1.0 53.017 19.592 288
Montage 50 1.0 52.958 19.548 353
Montage 50 1.0 52.957 19.545 397
Montage 50 1.0 53.097 19.584 422
Montage 50 1.0 53.152 19.581 311
Montage 50 1.0 52.972 19.597 296
Montage 50 1.0 52.978 19.598 298
Montage 100 1.0 103.062 102.188 468
Montage 100 1.0 103.143 102.104 464
Montage 100 1.0 103.272 102.119 464
Montage 100 1.0 103.351 102.025 464
Montage 100 1.0 103.361 102.022 525
Montage 100 1.0 103.280 102.145 538
Montage 100 1.0 103.281 102.140 526
Montage 100 1.0 103.560 102.122 458
Montage 100 1.0 103.261 102.076 457
Montage 100 1.0 103.263 102.098 462
CyberShake 30 1.0 156.127 8.014 235
CyberShake 30 1.0 156.127 8.011 261
CyberShake 30 1.0 156.127 8.008 268
CyberShake 30 1.0 156.127 7.998 231
CyberShake 30 1.0 156.127 8.014 226
CyberShake 30 1.0 156.127 8.001 265
CyberShake 30 1.0 156.127 7.998 263
CyberShake 30 1.0 156.127 8.009 253
CyberShake 30 1.0 156.127 8.025 223
CyberShake 30 1.0 156.127 8.045 260
CyberShake 50 1.0 179.938 22.441 357
CyberShake 50 1.0 179.938 22.440 420
CyberShake 50 1.0 179.938 22.404 416
CyberShake 50 1.0 179.938 22.413 425
CyberShake 50 1.0 179.673 22.408 402
CyberShake 50 1.0 180.053 22.430 411
CyberShake 50 1.0 179.938 22.430 409
CyberShake 50 1.0 180.363 22.439 395
CyberShake 50 1.0 181.408 22.401 384
CyberShake 50 1.0 179.938 22.421 410
CyberShake 100 1.0 239.169 138.670 530
CyberShake 100 1.0 239.307 138.658 535
CyberShake 100 1.0 239.237 138.546 528
CyberShake 100 1.0 239.178 138.620 555
CyberShake 100 1.0 238.967 138.660 609
CyberShake 100 1.0 239.143 138.574 580
CyberShake 100 1.0 239.374 138.498 533
CyberShake 100 1.0 240.643 138.676 531
CyberShake 100 1.0 239.249 138.463 524
CyberShake 100 1.0 239.229 138.606 536
Epigenomics 24 1.0 2320.908 4.314 219
Epigenomics 24 1.0 2320.908 4.321 250
Epigenomics 24 1.0 2320.908 4.313 231
Epigenomics 24 1.0 2320.908 4.330 209
Epigenomics 24 1.0 2320.908 4.319 202
Epigenomics 24 1.0 2320.908 4.319 256
Epigenomics 24 1.0 2320.908 4.319 260
Epigenomics 24 1.0 2320.908 4.319 205
Epigenomics 24 1.0 2320.908 4.312 193
Epigenomics 24 1.0 2320.908 4.323 200
Epigenomics 47 1.0 4313.610 13.240 239
Epigenomics 47 1.0 4313.610 13.236 229
Epigenomics 47 1.0 4313.610 13.189 242
Epigenomics 47 1.0 4313.610 13.227 241
Epigenomics 47 1.0 4313.610 13.189 239
Epigenomics 47 1.0 4313.610 13.192 230
Epigenomics 47 1.0 4313.610 13.216 229
Epigenomics 47 1.0 4313.610 13.203 237
Epigenomics 47 1.0 4313.610 13.207 237
Epigenomics 47 1.0 4313.610 13.217 245
Epigenomics 100 1.0 35272.953 54.858 304
Epigenomics 100 1.0 35247.949 54.943 266
Epigenomics 100 1.0 35218.180 54.795 258
Epigenomics 100 1.0 35240.857 54.936 256
Epigenomics 100 1.0 35252.093 54.988 258
Epigenomics 100 1.0 35237.362 54.918 251
Epigenomics 100 1.0 35219.035 54.819 258
Epigenomics 100 1.0 35246.622 54.811 255
Epigenomics 100 1.0 35272.953 54.854 257
Epigenomics 100 1.0 35273.174 54.971 259
Ligo 30 1.0 657.356 6.480 222
Ligo 30 1.0 657.356 6.476 206
Ligo 30 1.0 658.233 6.467 249
Ligo 30 1.0 657.356 6.484 216
Ligo 30 1.0 657.356 6.474 217
Ligo 30 1.0 657.356 6.471 233
Ligo 30 1.0 657.356 6.469 233
Ligo 30 1.0 659.845 6.485 198
Ligo 30 1.0 657.356 6.469 240
Ligo 30 1.0 657.356 6.486 271
Ligo 50 1.0 991.606 14.742 230
Ligo 50 1.0 993.678 14.683 231
Ligo 50 1.0 994.524 14.695 234
Ligo 50 1.0 993.000 14.716 235
Ligo 50 1.0 994.746 14.737 231
Ligo 50 1.0 993.866 14.708 229
Ligo 50 1.0 995.415 14.713 232
Ligo 50 1.0 994.741 14.704 226
Ligo 50 1.0 995.100 14.740 237
Ligo 50 1.0 996.162 14.688 236
Ligo 100 1.0 1758.633 32.618 170
Ligo 100 1.0 1758.710 32.509 168
Ligo 100 1.0 1755.577 32.566 168
Ligo 100 1.0 1754.100 32.592 169
Ligo 100 1.0 1756.244 32.622 168
Ligo 100 1.0 1756.025 32.528 166
Ligo 100 1.0 1756.394 32.597 168
Ligo 100 1.0 1758.923 32.609 170
Ligo 100 1.0 1757.421 32.607 171
Ligo 100 1.0 1757.295 32.586 196
gaussian 9 1.0 8.542 1.395 257
gaussian 9 1.0 8.542 1.383 304
gaussian 9 1.0 8.542 1.378 69
gaussian 9 1.0 8.542 1.372 69
gaussian 9 1.0 8.542 1.372 160
gaussian 9 1.0 8.542 1.368 91
gaussian 9 1.0 8.542 1.387 239
gaussian 9 1.0 8.542 1.365 302
gaussian 9 1.0 8.542 1.376 276
gaussian 9 1.0 8.542 1.384 78
gaussian 209 1.0 76.402 181.400 216
gaussian 209 1.0 76.535 181.351 213
gaussian 209 1.0 76.595 180.894 220
gaussian 209 1.0 76.408 180.792 220
gaussian 209 1.0 76.471 181.133 214
gaussian 209 1.0 76.556 181.398 214
gaussian 209 1.0 76.577 180.892 215
gaussian 209 1.0 76.383 181.136 215
gaussian 209 1.0 76.275 181.226 213
gaussian 209 1.0 76.910 180.909 209
gaussian 324 1.0 119.525 420.849 183
gaussian 324 1.0 119.088 420.384 187
gaussian 324 1.0 118.967 419.425 187
gaussian 324 1.0 118.977 421.075 184
gaussian 324 1.0 119.080 420.509 182
gaussian 324 1.0 119.246 420.081 185
gaussian 324 1.0 118.953 420.320 182
gaussian 324 1.0 119.441 420.443 182
gaussian 324 1.0 118.877 421.029 183
gaussian 324 1.0 118.947 421.061 182
fft 40 1.0 16.515 11.637 335
fft 40 1.0 16.539 11.609 329
fft 40 1.0 16.804 11.635 311
fft 40 1.0 16.750 11.616 330
fft 40 1.0 16.701 11.640 306
fft 40 1.0 16.750 11.632 360
fft 40 1.0 16.539 11.616 280
fft 40 1.0 16.717 11.633 246
fft 40 1.0 16.750 11.615 263
fft 40 1.0 16.763 11.656 263
fft 96 1.0 35.129 51.297 284
fft 96 1.0 35.168 51.272 288
fft 96 1.0 35.119 51.417 293
fft 96 1.0 35.142 51.328 277
fft 96 1.0 35.141 51.408 319
fft 96 1.0 35.138 51.374 281
fft 96 1.0 35.169 51.430 314
fft 96 1.0 35.162 51.349 271
fft 96 1.0 35.184 51.352 313
fft 96 1.0 35.196 51.401 284
fft 224 1.0 71.921 255.644 258
fft 224 1.0 71.926 256.054 251
fft 224 1.0 72.012 255.963 253
fft 224 1.0 72.014 256.260 254
fft 224 1.0 71.923 255.681 257
fft 224 1.0 71.939 256.075 255
fft 224 1.0 71.922 255.840 256
fft 224 1.0 71.914 255.967 257
fft 224 1.0 71.979 255.782 254
fft 224 1.0 71.973 255.540 253
