Montage 25 1.0 28.587 5.294 226
Montage 25 1.0 28.546 5.283 256
Montage 25 1.0 28.504 5.293 241
Montage 25 1.0 28.596 5.289 279
Montage 25 1.0 28.504 5.290 240
Montage 25 1.0 28.546 5.281 245
Montage 25 1.0 28.587 5.284 216
Montage 25 1.0 28.504 5.299 248
Montage 25 1.0 28.546 5.291 233
Montage 25 1.0 28.592 5.278 284
Montage 50 1.0 53.367 19.578 366
Montage 50 1.0 52.958 19.553 371
Montage 50 1.0 53.037 19.588 368
Montage 50 1.0 53.092 19.565 439
Montage 50 1.0 53.037 19.574 476
Montage 50 1.0 53.038 19.559 518
Montage 50 1.0 52.988 19.549 394
Montage 50 1.0 52.987 19.573 375
Montage 50 1.0 53.117 19.563 360
Montage 50 1.0 53.017 19.568 366
Montage 100 1.0 103.302 102.016 638
Montage 100 1.0 103.291 102.008 589
Montage 100 1.0 103.266 102.000 625
Montage 100 1.0 103.272 102.006 588
Montage 100 1.0 103.259 102.154 626
Montage 100 1.0 103.237 102.078 621
Montage 100 1.0 103.285 102.004 585
Montage 100 1.0 103.154 102.082 623
Montage 100 1.0 103.248 102.056 571
Montage 100 1.0 103.299 102.118 648
CyberShake 30 1.0 156.127 8.031 275
CyberShake 30 1.0 156.127 8.011 348
CyberShake 30 1.0 156.127 8.001 321
CyberShake 30 1.0 156.127 7.997 322
CyberShake 30 1.0 156.127 8.002 311
CyberShake 30 1.0 156.127 8.017 297
CyberShake 30 1.0 156.127 8.011 322
CyberShake 30 1.0 156.127 8.012 342
CyberShake 30 1.0 156.127 8.012 277
CyberShake 30 1.0 156.127 8.005 337
CyberShake 50 1.0 180.250 22.438 381
CyberShake 50 1.0 181.890 22.438 379
CyberShake 50 1.0 180.871 22.446 374
CyberShake 50 1.0 181.351 22.428 372
CyberShake 50 1.0 181.597 22.402 370
CyberShake 50 1.0 181.890 22.436 373
CyberShake 50 1.0 181.717 22.411 362
CyberShake 50 1.0 179.943 22.404 376
CyberShake 50 1.0 180.871 22.447 377
CyberShake 50 1.0 179.938 22.405 374
CyberShake 100 1.0 239.674 138.565 670
CyberShake 100 1.0 239.259 138.578 671
CyberShake 100 1.0 239.253 138.534 669
CyberShake 100 1.0 239.653 138.510 700
CyberShake 100 1.0 239.613 138.461 769
CyberShake 100 1.0 239.480 138.616 735
CyberShake 100 1.0 239.230 138.513 668
CyberShake 100 1.0 239.397 138.535 664
CyberShake 100 1.0 239.556 138.539 655
CyberShake 100 1.0 239.218 138.553 667
Epigenomics 24 1.0 2328.248 4.330 264
Epigenomics 24 1.0 2320.908 4.326 264
Epigenomics 24 1.0 2320.908 4.331 214
Epigenomics 24 1.0 2320.908 4.311 226
Epigenomics 24 1.0 2320.908 4.359 217
Epigenomics 24 1.0 2320.908 4.314 236
Epigenomics 24 1.0 2320.908 4.328 250
Epigenomics 24 1.0 2320.908 4.315 248
Epigenomics 24 1.0 2320.908 4.331 236
Epigenomics 24 1.0 2328.248 4.314 207
Epigenomics 47 1.0 4313.610 13.193 293
Epigenomics 47 1.0 4313.610 13.235 281
Epigenomics 47 1.0 4313.610 13.203 283
Epigenomics 47 1.0 4318.488 13.216 296
Epigenomics 47 1.0 4318.488 13.210 292
Epigenomics 47 1.0 4313.610 13.227 290
Epigenomics 47 1.0 4313.610 13.225 296
Epigenomics 47 1.0 4313.610 13.222 290
Epigenomics 47 1.0 4313.610 13.195 343
Epigenomics 47 1.0 4313.610 13.202 377
Epigenomics 100 1.0 35272.827 54.812 329
Epigenomics 100 1.0 35272.953 54.899 326
Epigenomics 100 1.0 35217.664 54.881 319
Epigenomics 100 1.0 35224.895 54.901 322
Epigenomics 100 1.0 35210.383 54.912 317
Epigenomics 100 1.0 35272.953 54.905 332
Epigenomics 100 1.0 35272.953 54.826 366
Epigenomics 100 1.0 35246.271 54.891 389
Epigenomics 100 1.0 35235.462 54.861 398
Epigenomics 100 1.0 35272.953 54.906 403
Ligo 30 1.0 658.233 6.496 292
Ligo 30 1.0 658.233 6.476 293
Ligo 30 1.0 658.233 6.470 309
Ligo 30 1.0 658.233 6.467 272
Ligo 30 1.0 658.233 6.472 247
Ligo 30 1.0 658.233 6.468 286
Ligo 30 1.0 657.356 6.476 272
Ligo 30 1.0 657.356 6.469 267
Ligo 30 1.0 658.233 6.470 266
Ligo 30 1.0 658.233 6.475 215
Ligo 50 1.0 996.566 14.717 302
Ligo 50 1.0 994.471 14.713 291
Ligo 50 1.0 990.792 14.708 302
Ligo 50 1.0 996.140 14.682 276
Ligo 50 1.0 996.253 14.689 303
Ligo 50 1.0 995.471 14.696 287
Ligo 50 1.0 992.182 14.715 355
Ligo 50 1.0 993.008 14.697 408
Ligo 50 1.0 996.865 14.705 378
Ligo 50 1.0 992.125 14.690 375
Ligo 100 1.0 1756.920 32.534 213
Ligo 100 1.0 1754.423 32.468 209
Ligo 100 1.0 1755.087 32.601 211
Ligo 100 1.0 1757.307 32.460 208
Ligo 100 1.0 1758.030 32.518 207
Ligo 100 1.0 1755.888 32.459 207
Ligo 100 1.0 1758.687 32.466 209
Ligo 100 1.0 1755.209 32.553 254
Ligo 100 1.0 1755.683 32.517 262
Ligo 100 1.0 1755.253 32.513 266
gaussian 9 1.0 8.542 1.381 103
gaussian 9 1.0 8.542 1.374 72
gaussian 9 1.0 8.542 1.365 104
gaussian 9 1.0 8.542 1.378 129
gaussian 9 1.0 8.542 1.386 171
gaussian 9 1.0 8.542 1.376 445
gaussian 9 1.0 8.542 1.370 84
gaussian 9 1.0 8.542 1.380 133
gaussian 9 1.0 8.542 1.373 127
gaussian 9 1.0 8.542 1.379 296
gaussian 209 1.0 76.588 180.874 277
gaussian 209 1.0 76.638 181.146 292
gaussian 209 1.0 76.400 181.148 292
gaussian 209 1.0 76.876 180.851 276
gaussian 209 1.0 76.821 180.980 273
gaussian 209 1.0 76.658 180.735 276
gaussian 209 1.0 76.733 181.218 282
gaussian 209 1.0 77.003 180.739 282
gaussian 209 1.0 76.593 181.079 276
gaussian 209 1.0 76.585 180.799 282
gaussian 324 1.0 119.249 419.743 234
gaussian 324 1.0 119.532 419.625 245
gaussian 324 1.0 118.587 419.962 243
gaussian 324 1.0 119.109 420.188 246
gaussian 324 1.0 118.565 420.666 250
gaussian 324 1.0 119.270 420.005 239
gaussian 324 1.0 119.304 420.517 237
gaussian 324 1.0 118.998 419.961 248
gaussian 324 1.0 118.763 420.273 242
gaussian 324 1.0 119.346 419.979 240
fft 40 1.0 16.793 11.623 323
fft 40 1.0 16.673 11.636 289
fft 40 1.0 16.642 11.609 308
fft 40 1.0 16.669 11.611 301
fft 40 1.0 16.730 11.608 308
fft 40 1.0 16.750 11.611 317
fft 40 1.0 16.515 11.615 296
fft 40 1.0 16.859 11.643 307
fft 40 1.0 16.780 11.617 323
fft 40 1.0 16.596 11.622 320
fft 96 1.0 35.123 51.269 342
fft 96 1.0 35.186 51.281 343
fft 96 1.0 35.209 51.370 346
fft 96 1.0 35.157 51.303 340
fft 96 1.0 35.134 51.325 341
fft 96 1.0 35.205 51.401 342
fft 96 1.0 35.206 51.317 384
fft 96 1.0 35.128 51.339 442
fft 96 1.0 35.101 51.291 433
fft 96 1.0 35.215 51.288 440
fft 224 1.0 71.975 255.981 334
fft 224 1.0 71.918 255.571 331
fft 224 1.0 71.912 255.552 334
fft 224 1.0 71.984 255.704 335
fft 224 1.0 72.009 255.947 332
fft 224 1.0 71.919 255.531 338
fft 224 1.0 71.936 255.741 331
fft 224 1.0 71.920 256.027 338
fft 224 1.0 71.977 255.798 331
fft 224 1.0 71.933 255.938 336
