Montage 25 1.0 28.546 5.277 212
Montage 25 1.0 28.504 5.292 230
Montage 25 1.0 28.546 5.277 204
Montage 25 1.0 28.546 5.294 242
Montage 25 1.0 28.546 5.300 222
Montage 25 1.0 28.546 5.276 240
Montage 25 1.0 28.504 5.287 231
Montage 25 1.0 28.504 5.282 230
Montage 25 1.0 28.546 5.303 231
Montage 25 1.0 28.504 5.287 227
Montage 50 1.0 52.928 19.565 284
Montage 50 1.0 53.007 19.600 280
Montage 50 1.0 53.047 19.561 288
Montage 50 1.0 52.929 19.574 281
Montage 50 1.0 52.957 19.583 327
Montage 50 1.0 53.067 19.570 384
Montage 50 1.0 52.928 19.596 407
Montage 50 1.0 53.037 19.571 304
Montage 50 1.0 53.077 19.546 280
Montage 50 1.0 53.077 19.575 276
Montage 100 1.0 103.267 102.057 446
Montage 100 1.0 103.037 102.018 454
Montage 100 1.0 103.191 102.027 452
Montage 100 1.0 103.237 102.092 449
Montage 100 1.0 103.242 102.002 449
Montage 100 1.0 103.258 102.141 470
Montage 100 1.0 103.232 102.030 514
Montage 100 1.0 103.233 102.064 517
Montage 100 1.0 103.038 102.149 466
Montage 100 1.0 103.282 102.082 444
CyberShake 30 1.0 156.127 8.015 238
CyberShake 30 1.0 156.127 8.029 250
CyberShake 30 1.0 156.127 8.013 240
CyberShake 30 1.0 156.127 8.002 247
CyberShake 30 1.0 156.127 8.026 212
CyberShake 30 1.0 156.127 8.018 230
CyberShake 30 1.0 156.127 7.997 249
CyberShake 30 1.0 156.127 8.001 257
CyberShake 30 1.0 156.127 8.030 234
CyberShake 30 1.0 156.127 8.010 251
CyberShake 50 1.0 180.137 22.403 284
CyberShake 50 1.0 180.137 22.462 283
CyberShake 50 1.0 179.938 22.479 290
CyberShake 50 1.0 180.243 22.450 296
CyberShake 50 1.0 180.137 22.425 288
CyberShake 50 1.0 179.938 22.428 296
CyberShake 50 1.0 180.120 22.429 294
CyberShake 50 1.0 180.120 22.447 288
CyberShake 50 1.0 181.890 22.468 290
CyberShake 50 1.0 179.673 22.467 286
CyberShake 100 1.0 239.140 138.498 522
CyberShake 100 1.0 239.114 138.500 579
CyberShake 100 1.0 239.257 138.562 569
CyberShake 100 1.0 239.133 138.543 514
CyberShake 100 1.0 239.170 138.599 514
CyberShake 100 1.0 239.377 138.499 511
CyberShake 100 1.0 239.037 138.558 511
CyberShake 100 1.0 239.158 138.585 558
CyberShake 100 1.0 239.279 138.566 585
CyberShake 100 1.0 239.197 138.665 536
Epigenomics 24 1.0 2320.908 4.325 223
Epigenomics 24 1.0 2320.908 4.328 226
Epigenomics 24 1.0 2320.908 4.339 164
Epigenomics 24 1.0 2320.908 4.311 180
Epigenomics 24 1.0 2320.908 4.331 187
Epigenomics 24 1.0 2320.908 4.331 198
Epigenomics 24 1.0 2320.908 4.318 187
Epigenomics 24 1.0 2320.908 4.317 174
Epigenomics 24 1.0 2320.908 4.318 186
Epigenomics 24 1.0 2320.908 4.322 184
Epigenomics 47 1.0 4313.610 13.237 295
Epigenomics 47 1.0 4313.610 13.198 302
Epigenomics 47 1.0 4313.610 13.226 312
Epigenomics 47 1.0 4313.610 13.194 303
Epigenomics 47 1.0 4313.610 13.210 316
Epigenomics 47 1.0 4313.610 13.207 329
Epigenomics 47 1.0 4313.610 13.203 304
Epigenomics 47 1.0 4313.610 13.220 243
Epigenomics 47 1.0 4313.610 13.227 227
Epigenomics 47 1.0 4313.610 13.220 226
Epigenomics 100 1.0 35277.289 54.876 249
Epigenomics 100 1.0 35258.665 54.967 248
Epigenomics 100 1.0 35272.953 54.891 251
Epigenomics 100 1.0 35229.048 54.833 253
Epigenomics 100 1.0 35243.663 54.865 248
Epigenomics 100 1.0 35218.310 54.962 253
Epigenomics 100 1.0 35258.703 54.832 291
Epigenomics 100 1.0 35248.877 54.927 290
Epigenomics 100 1.0 35258.428 54.928 284
Epigenomics 100 1.0 35246.271 54.892 294
Ligo 30 1.0 657.356 6.468 241
Ligo 30 1.0 657.356 6.481 231
Ligo 30 1.0 658.233 6.476 224
Ligo 30 1.0 657.356 6.494 217
Ligo 30 1.0 658.233 6.495 231
Ligo 30 1.0 657.356 6.474 209
Ligo 30 1.0 657.356 6.469 225
Ligo 30 1.0 657.330 6.480 221
Ligo 30 1.0 657.330 6.466 223
Ligo 30 1.0 657.356 6.482 205
Ligo 50 1.0 995.294 14.701 226
Ligo 50 1.0 994.426 14.714 234
Ligo 50 1.0 995.031 14.700 225
Ligo 50 1.0 990.698 14.700 231
Ligo 50 1.0 991.018 14.734 229
Ligo 50 1.0 994.555 14.686 233
Ligo 50 1.0 991.003 14.720 226
Ligo 50 1.0 993.830 14.699 234
Ligo 50 1.0 995.185 14.690 230
Ligo 50 1.0 993.997 14.740 230
Ligo 100 1.0 1755.273 32.550 169
Ligo 100 1.0 1755.731 32.491 166
Ligo 100 1.0 1755.883 32.631 165
Ligo 100 1.0 1756.591 32.491 163
Ligo 100 1.0 1754.998 32.527 161
Ligo 100 1.0 1757.935 32.464 164
Ligo 100 1.0 1756.990 32.493 163
Ligo 100 1.0 1760.205 32.473 161
Ligo 100 1.0 1757.392 32.500 164
Ligo 100 1.0 1756.603 32.559 163
gaussian 9 1.0 8.542 1.380 391
gaussian 9 1.0 8.542 1.382 371
gaussian 9 1.0 8.542 1.384 65
gaussian 9 1.0 8.542 1.365 62
gaussian 9 1.0 8.542 1.385 130
gaussian 9 1.0 8.542 1.368 76
gaussian 9 1.0 8.542 1.385 330
gaussian 9 1.0 8.542 1.364 86
gaussian 9 1.0 8.542 1.373 296
gaussian 9 1.0 8.542 1.370 86
gaussian 209 1.0 76.936 180.791 199
gaussian 209 1.0 76.828 180.981 199
gaussian 209 1.0 76.575 180.992 199
gaussian 209 1.0 76.705 181.278 197
gaussian 209 1.0 76.637 181.323 197
gaussian 209 1.0 76.858 181.314 197
gaussian 209 1.0 76.756 180.845 196
gaussian 209 1.0 76.626 180.907 199
gaussian 209 1.0 76.723 181.238 198
gaussian 209 1.0 76.616 181.311 197
gaussian 324 1.0 119.431 420.817 171
gaussian 324 1.0 119.432 419.349 168
gaussian 324 1.0 119.553 419.496 167
gaussian 324 1.0 119.572 421.195 172
gaussian 324 1.0 119.377 420.182 169
gaussian 324 1.0 119.645 419.414 170
gaussian 324 1.0 119.756 420.817 169
gaussian 324 1.0 119.509 419.985 168
gaussian 324 1.0 119.290 419.592 169
gaussian 324 1.0 119.255 420.352 171
fft 40 1.0 16.581 11.610 332
fft 40 1.0 16.616 11.628 350
fft 40 1.0 16.605 11.634 316
fft 40 1.0 16.560 11.615 328
fft 40 1.0 16.705 11.619 273
fft 40 1.0 16.549 11.617 282
fft 40 1.0 16.750 11.626 323
fft 40 1.0 16.616 11.631 286
fft 40 1.0 16.720 11.616 289
fft 40 1.0 16.750 11.622 316
fft 96 1.0 35.124 51.354 277
fft 96 1.0 35.142 51.377 274
fft 96 1.0 35.126 51.282 277
fft 96 1.0 35.112 51.412 276
fft 96 1.0 35.156 51.322 282
fft 96 1.0 35.182 51.288 294
fft 96 1.0 35.101 51.351 267
fft 96 1.0 35.217 51.326 296
fft 96 1.0 35.128 51.416 271
fft 96 1.0 35.167 51.291 290
fft 224 1.0 71.934 255.472 241
fft 224 1.0 71.914 256.006 243
fft 224 1.0 71.919 255.743 245
fft 224 1.0 71.932 256.015 243
fft 224 1.0 71.910 255.473 244
fft 224 1.0 71.924 256.027 241
fft 224 1.0 71.928 255.429 241
fft 224 1.0 71.928 255.834 240
fft 224 1.0 71.978 256.087 248
fft 224 1.0 71.934 255.999 237
