Montage 25 1.0 28.504 5.281 239
Montage 25 1.0 28.504 5.296 273
Montage 25 1.0 28.592 5.275 209
Montage 25 1.0 28.504 5.294 227
Montage 25 1.0 28.546 5.289 238
Montage 25 1.0 28.546 5.286 239
Montage 25 1.0 28.546 5.303 239
Montage 25 1.0 28.546 5.282 237
Montage 25 1.0 28.504 5.290 195
Montage 25 1.0 28.546 5.274 190
Montage 50 1.0 52.987 19.572 292
Montage 50 1.0 52.987 19.583 297
Montage 50 1.0 53.037 19.551 300
Montage 50 1.0 52.957 19.562 281
Montage 50 1.0 52.928 19.581 317
Montage 50 1.0 52.957 19.593 366
Montage 50 1.0 53.067 19.571 378
Montage 50 1.0 52.978 19.573 355
Montage 50 1.0 53.127 19.589 282
Montage 50 1.0 53.097 19.550 293
Montage 100 1.0 103.265 102.160 456
Montage 100 1.0 103.232 102.047 460
Montage 100 1.0 103.256 102.095 536
Montage 100 1.0 103.241 102.125 520
Montage 100 1.0 103.296 102.019 491
Montage 100 1.0 103.325 102.100 461
Montage 100 1.0 103.092 102.032 458
Montage 100 1.0 103.256 102.160 451
Montage 100 1.0 103.302 102.158 454
Montage 100 1.0 103.239 102.012 458
CyberShake 30 1.0 156.127 8.016 270
CyberShake 30 1.0 156.127 8.009 243
CyberShake 30 1.0 156.127 7.998 233
CyberShake 30 1.0 156.127 8.020 264
CyberShake 30 1.0 156.127 8.040 269
CyberShake 30 1.0 156.127 8.013 234
CyberShake 30 1.0 156.127 8.016 244
CyberShake 30 1.0 156.127 8.000 253
CyberShake 30 1.0 156.127 8.014 234
CyberShake 30 1.0 156.127 8.007 227
CyberShake 50 1.0 180.685 22.450 291
CyberShake 50 1.0 179.938 22.463 300
CyberShake 50 1.0 179.673 22.436 297
CyberShake 50 1.0 179.953 22.443 291
CyberShake 50 1.0 179.938 22.423 294
CyberShake 50 1.0 181.408 22.430 291
CyberShake 50 1.0 179.938 22.423 294
CyberShake 50 1.0 181.484 22.451 295
CyberShake 50 1.0 179.938 22.409 295
CyberShake 50 1.0 180.871 22.424 294
CyberShake 100 1.0 239.193 138.476 523
CyberShake 100 1.0 239.240 138.686 525
CyberShake 100 1.0 239.273 138.607 534
CyberShake 100 1.0 239.139 138.582 600
CyberShake 100 1.0 239.037 138.558 603
CyberShake 100 1.0 239.184 138.601 526
CyberShake 100 1.0 239.654 138.582 519
CyberShake 100 1.0 239.243 138.643 525
CyberShake 100 1.0 239.200 138.657 524
CyberShake 100 1.0 239.503 138.592 564
Epigenomics 24 1.0 2320.908 4.330 189
Epigenomics 24 1.0 2320.908 4.326 190
Epigenomics 24 1.0 2320.908 4.314 231
Epigenomics 24 1.0 2320.908 4.333 214
Epigenomics 24 1.0 2320.908 4.319 196
Epigenomics 24 1.0 2320.908 4.363 232
Epigenomics 24 1.0 2320.908 4.335 195
Epigenomics 24 1.0 2320.908 4.320 180
Epigenomics 24 1.0 2320.908 4.330 179
Epigenomics 24 1.0 2320.908 4.311 175
Epigenomics 47 1.0 4313.610 13.232 238
Epigenomics 47 1.0 4313.610 13.211 230
Epigenomics 47 1.0 4313.610 13.206 229
Epigenomics 47 1.0 4313.610 13.233 229
Epigenomics 47 1.0 4313.610 13.194 226
Epigenomics 47 1.0 4313.610 13.199 232
Epigenomics 47 1.0 4313.610 13.195 222
Epigenomics 47 1.0 4313.610 13.214 226
Epigenomics 47 1.0 4313.610 13.198 235
Epigenomics 47 1.0 4313.610 13.216 234
Epigenomics 100 1.0 35217.790 54.894 248
Epigenomics 100 1.0 35272.862 54.948 254
Epigenomics 100 1.0 35280.442 54.851 254
Epigenomics 100 1.0 35243.051 54.858 255
Epigenomics 100 1.0 35242.976 54.936 250
Epigenomics 100 1.0 35234.324 54.835 249
Epigenomics 100 1.0 35219.680 54.828 251
Epigenomics 100 1.0 35225.975 54.836 249
Epigenomics 100 1.0 35272.862 54.950 254
Epigenomics 100 1.0 35231.225 54.858 288
Ligo 30 1.0 657.356 6.487 289
Ligo 30 1.0 657.356 6.466 301
Ligo 30 1.0 658.145 6.471 304
Ligo 30 1.0 657.330 6.486 242
Ligo 30 1.0 658.233 6.476 226
Ligo 30 1.0 658.005 6.471 231
Ligo 30 1.0 657.356 6.480 295
Ligo 30 1.0 657.980 6.467 297
Ligo 30 1.0 658.233 6.484 288
Ligo 30 1.0 658.005 6.467 252
Ligo 50 1.0 992.475 14.713 234
Ligo 50 1.0 997.678 14.720 231
Ligo 50 1.0 994.546 14.701 232
Ligo 50 1.0 996.287 14.716 234
Ligo 50 1.0 992.171 14.709 225
Ligo 50 1.0 994.685 14.734 221
Ligo 50 1.0 993.008 14.690 224
Ligo 50 1.0 996.323 14.715 230
Ligo 50 1.0 992.908 14.718 236
Ligo 50 1.0 992.330 14.684 227
Ligo 100 1.0 1757.030 32.529 163
Ligo 100 1.0 1756.397 32.544 167
Ligo 100 1.0 1759.040 32.507 165
Ligo 100 1.0 1759.125 32.632 165
Ligo 100 1.0 1759.875 32.543 165
Ligo 100 1.0 1759.187 32.626 167
Ligo 100 1.0 1756.045 32.553 167
Ligo 100 1.0 1756.803 32.521 166
Ligo 100 1.0 1756.740 32.524 165
Ligo 100 1.0 1755.495 32.475 164
gaussian 9 1.0 8.542 1.376 271
gaussian 9 1.0 8.542 1.370 92
gaussian 9 1.0 8.542 1.364 299
gaussian 9 1.0 8.542 1.379 233
gaussian 9 1.0 8.542 1.368 266
gaussian 9 1.0 8.542 1.367 222
gaussian 9 1.0 8.542 1.364 237
gaussian 9 1.0 8.542 1.368 307
gaussian 9 1.0 8.542 1.369 111
gaussian 9 1.0 8.542 1.381 59
gaussian 209 1.0 76.933 181.179 206
gaussian 209 1.0 76.463 181.229 216
gaussian 209 1.0 76.550 181.176 209
gaussian 209 1.0 76.327 181.142 207
gaussian 209 1.0 76.260 180.725 205
gaussian 209 1.0 76.771 180.804 204
gaussian 209 1.0 76.293 180.958 210
gaussian 209 1.0 76.600 180.836 207
gaussian 209 1.0 76.636 181.389 203
gaussian 209 1.0 76.740 180.920 207
gaussian 324 1.0 119.194 420.845 180
gaussian 324 1.0 118.708 420.325 178
gaussian 324 1.0 119.321 421.149 175
gaussian 324 1.0 119.137 419.626 178
gaussian 324 1.0 119.019 420.665 176
gaussian 324 1.0 118.809 419.576 178
gaussian 324 1.0 118.739 419.605 179
gaussian 324 1.0 119.302 420.004 176
gaussian 324 1.0 119.400 419.383 176
gaussian 324 1.0 119.229 420.107 180
fft 40 1.0 16.704 11.638 251
fft 40 1.0 16.780 11.622 250
fft 40 1.0 16.771 11.637 244
fft 40 1.0 16.787 11.612 255
fft 40 1.0 16.578 11.631 245
fft 40 1.0 16.713 11.617 249
fft 40 1.0 16.616 11.636 245
fft 40 1.0 16.694 11.647 252
fft 40 1.0 16.515 11.611 249
fft 40 1.0 16.664 11.648 237
fft 96 1.0 35.189 51.346 300
fft 96 1.0 35.187 51.298 270
fft 96 1.0 35.193 51.271 307
fft 96 1.0 35.124 51.423 273
fft 96 1.0 35.217 51.353 296
fft 96 1.0 35.103 51.349 278
fft 96 1.0 35.078 51.336 288
fft 96 1.0 35.180 51.387 286
fft 96 1.0 35.194 51.295 271
fft 96 1.0 35.183 51.272 303
fft 224 1.0 71.922 255.447 253
fft 224 1.0 71.923 256.270 251
fft 224 1.0 71.936 255.638 251
fft 224 1.0 71.955 255.991 240
fft 224 1.0 71.995 255.626 254
fft 224 1.0 71.935 255.963 245
fft 224 1.0 71.937 255.501 248
fft 224 1.0 71.929 256.309 244
fft 224 1.0 71.919 255.673 250
fft 224 1.0 72.016 255.715 246
