Montage 25 1.0 28.546 5.287 241
Montage 25 1.0 28.546 5.298 263
Montage 25 1.0 28.546 5.277 282
Montage 25 1.0 28.546 5.276 210
Montage 25 1.0 28.546 5.286 252
Montage 25 1.0 28.504 5.291 256
Montage 25 1.0 28.546 5.289 232
Montage 25 1.0 28.504 5.284 293
Montage 25 1.0 28.546 5.282 248
Montage 25 1.0 28.504 5.280 258
Montage 50 1.0 53.097 19.570 367
Montage 50 1.0 53.058 19.567 364
Montage 50 1.0 53.128 19.605 359
Montage 50 1.0 53.168 19.575 394
Montage 50 1.0 53.018 19.556 476
Montage 50 1.0 53.127 19.546 491
Montage 50 1.0 53.077 19.556 436
Montage 50 1.0 53.007 19.558 347
Montage 50 1.0 53.187 19.571 348
Montage 50 1.0 53.067 19.562 379
Montage 100 1.0 103.287 102.023 596
Montage 100 1.0 103.376 102.000 602
Montage 100 1.0 103.433 102.072 616
Montage 100 1.0 103.272 102.029 575
Montage 100 1.0 103.271 102.102 623
Montage 100 1.0 103.265 102.009 588
Montage 100 1.0 103.271 102.115 595
Montage 100 1.0 103.086 102.003 620
Montage 100 1.0 103.245 102.015 572
Montage 100 1.0 103.318 102.069 626
CyberShake 30 1.0 156.127 8.005 286
CyberShake 30 1.0 156.127 8.010 308
CyberShake 30 1.0 156.127 8.018 339
CyberShake 30 1.0 156.127 7.998 290
CyberShake 30 1.0 156.127 8.011 351
CyberShake 30 1.0 156.127 8.018 308
CyberShake 30 1.0 156.127 8.005 319
CyberShake 30 1.0 156.127 8.004 284
CyberShake 30 1.0 156.127 8.015 295
CyberShake 30 1.0 156.127 8.002 308
CyberShake 50 1.0 180.871 22.408 501
CyberShake 50 1.0 180.871 22.426 447
CyberShake 50 1.0 180.871 22.476 366
CyberShake 50 1.0 181.597 22.415 371
CyberShake 50 1.0 179.938 22.418 373
CyberShake 50 1.0 179.938 22.408 366
CyberShake 50 1.0 181.713 22.417 372
CyberShake 50 1.0 181.863 22.430 378
CyberShake 50 1.0 182.523 22.416 360
CyberShake 50 1.0 180.685 22.460 364
CyberShake 100 1.0 239.267 138.563 762
CyberShake 100 1.0 239.476 138.471 770
CyberShake 100 1.0 239.566 138.615 659
CyberShake 100 1.0 239.093 138.591 657
CyberShake 100 1.0 239.047 138.536 649
CyberShake 100 1.0 239.642 138.504 646
CyberShake 100 1.0 239.657 138.600 690
CyberShake 100 1.0 239.330 138.591 766
CyberShake 100 1.0 240.897 138.602 716
CyberShake 100 1.0 239.200 138.542 654
Epigenomics 24 1.0 2320.908 4.337 209
Epigenomics 24 1.0 2320.908 4.328 245
Epigenomics 24 1.0 2320.908 4.338 221
Epigenomics 24 1.0 2320.908 4.315 186
Epigenomics 24 1.0 2320.908 4.319 219
Epigenomics 24 1.0 2320.908 4.312 236
Epigenomics 24 1.0 2320.908 4.334 199
Epigenomics 24 1.0 2320.908 4.319 207
Epigenomics 24 1.0 2320.908 4.321 217
Epigenomics 24 1.0 2320.908 4.336 284
Epigenomics 47 1.0 4313.610 13.216 281
Epigenomics 47 1.0 4313.610 13.215 292
Epigenomics 47 1.0 4318.488 13.230 284
Epigenomics 47 1.0 4313.610 13.205 260
Epigenomics 47 1.0 4318.488 13.203 251
Epigenomics 47 1.0 4313.610 13.215 272
Epigenomics 47 1.0 4318.488 13.238 277
Epigenomics 47 1.0 4313.610 13.227 290
Epigenomics 47 1.0 4313.610 13.219 270
Epigenomics 47 1.0 4313.610 13.202 285
Epigenomics 100 1.0 35253.747 54.948 309
Epigenomics 100 1.0 35277.131 54.883 313
Epigenomics 100 1.0 35273.301 54.839 310
Epigenomics 100 1.0 35275.376 54.934 311
Epigenomics 100 1.0 35272.953 54.886 312
Epigenomics 100 1.0 35273.343 54.851 307
Epigenomics 100 1.0 35282.481 54.863 313
Epigenomics 100 1.0 35282.184 54.849 311
Epigenomics 100 1.0 35248.076 54.830 316
Epigenomics 100 1.0 35272.953 54.796 345
Ligo 30 1.0 658.005 6.475 256
Ligo 30 1.0 657.356 6.487 298
Ligo 30 1.0 657.356 6.480 278
Ligo 30 1.0 658.005 6.488 265
Ligo 30 1.0 658.233 6.484 272
Ligo 30 1.0 658.005 6.483 254
Ligo 30 1.0 658.005 6.475 242
Ligo 30 1.0 658.005 6.466 257
Ligo 30 1.0 658.233 6.471 249
Ligo 30 1.0 659.845 6.496 277
Ligo 50 1.0 997.346 14.686 274
Ligo 50 1.0 995.482 14.699 278
Ligo 50 1.0 996.856 14.707 289
Ligo 50 1.0 992.708 14.685 286
Ligo 50 1.0 995.393 14.684 292
Ligo 50 1.0 996.290 14.705 279
Ligo 50 1.0 997.595 14.725 285
Ligo 50 1.0 997.665 14.704 284
Ligo 50 1.0 994.629 14.720 280
Ligo 50 1.0 992.853 14.701 287
Ligo 100 1.0 1754.606 32.480 209
Ligo 100 1.0 1758.753 32.512 207
Ligo 100 1.0 1755.940 32.484 209
Ligo 100 1.0 1754.681 32.556 207
Ligo 100 1.0 1753.790 32.509 207
Ligo 100 1.0 1758.653 32.458 233
Ligo 100 1.0 1760.790 32.513 247
Ligo 100 1.0 1755.763 32.501 257
Ligo 100 1.0 1755.967 32.552 261
Ligo 100 1.0 1758.123 32.504 261
gaussian 9 1.0 8.542 1.370 269
gaussian 9 1.0 8.542 1.379 239
gaussian 9 1.0 8.542 1.364 139
gaussian 9 1.0 8.542 1.368 279
gaussian 9 1.0 8.542 1.367 220
gaussian 9 1.0 8.542 1.364 578
gaussian 9 1.0 8.542 1.381 173
gaussian 9 1.0 8.542 1.366 106
gaussian 9 1.0 8.542 1.395 117
gaussian 9 1.0 8.542 1.392 67
gaussian 209 1.0 76.612 181.241 272
gaussian 209 1.0 76.333 180.747 275
gaussian 209 1.0 76.591 180.776 262
gaussian 209 1.0 76.766 181.025 268
gaussian 209 1.0 76.510 181.005 274
gaussian 209 1.0 76.236 180.938 264
gaussian 209 1.0 76.137 181.042 278
gaussian 209 1.0 76.097 181.122 273
gaussian 209 1.0 76.498 180.989 268
gaussian 209 1.0 76.179 180.991 269
gaussian 324 1.0 119.270 419.359 225
gaussian 324 1.0 118.617 420.061 239
gaussian 324 1.0 118.835 420.003 234
gaussian 324 1.0 118.642 420.397 230
gaussian 324 1.0 118.456 420.410 236
gaussian 324 1.0 118.888 419.652 232
gaussian 324 1.0 118.358 420.359 238
gaussian 324 1.0 118.625 420.334 237
gaussian 324 1.0 118.936 420.337 233
gaussian 324 1.0 118.723 420.709 233
fft 40 1.0 16.750 11.616 295
fft 40 1.0 16.633 11.608 310
fft 40 1.0 16.753 11.640 305
fft 40 1.0 16.616 11.612 315
fft 40 1.0 16.806 11.626 305
fft 40 1.0 16.641 11.647 291
fft 40 1.0 16.639 11.618 293
fft 40 1.0 16.750 11.629 317
fft 40 1.0 16.771 11.640 333
fft 40 1.0 16.665 11.618 322
fft 96 1.0 35.196 51.267 348
fft 96 1.0 35.090 51.312 351
fft 96 1.0 35.186 51.319 350
fft 96 1.0 35.228 51.358 363
fft 96 1.0 35.178 51.323 357
fft 96 1.0 35.192 51.276 348
fft 96 1.0 35.171 51.397 375
fft 96 1.0 35.180 51.356 349
fft 96 1.0 35.098 51.378 353
fft 96 1.0 35.214 51.372 367
fft 224 1.0 71.982 255.727 325
fft 224 1.0 71.924 255.938 327
fft 224 1.0 71.929 255.659 318
fft 224 1.0 71.919 255.929 336
fft 224 1.0 71.919 256.101 324
fft 224 1.0 71.920 255.877 334
fft 224 1.0 71.916 256.004 326
fft 224 1.0 71.948 255.707 328
fft 224 1.0 71.935 255.546 319
fft 224 1.0 71.981 255.863 330
