Montage 25 1.0 28.546 5.302 216
Montage 25 1.0 28.504 5.277 188
Montage 25 1.0 28.546 5.293 228
Montage 25 1.0 28.504 5.287 211
Montage 25 1.0 28.546 5.294 232
Montage 25 1.0 28.504 5.296 184
Montage 25 1.0 28.504 5.278 200
Montage 25 1.0 28.546 5.287 261
Montage 25 1.0 28.504 5.286 266
Montage 25 1.0 28.546 5.286 243
Montage 50 1.0 53.252 19.590 287
Montage 50 1.0 53.002 19.571 294
Montage 50 1.0 52.987 19.597 289
Montage 50 1.0 53.117 19.588 298
Montage 50 1.0 53.078 19.545 351
Montage 50 1.0 53.067 19.545 395
Montage 50 1.0 53.137 19.563 393
Montage 50 1.0 53.157 19.607 311
Montage 50 1.0 53.091 19.570 290
Montage 50 1.0 53.156 19.560 281
Montage 100 1.0 103.317 102.075 487
Montage 100 1.0 103.228 102.083 472
Montage 100 1.0 103.246 102.109 474
Montage 100 1.0 102.953 102.081 495
Montage 100 1.0 103.129 102.192 450
Montage 100 1.0 103.182 102.162 487
Montage 100 1.0 103.239 102.091 470
Montage 100 1.0 103.183 102.000 515
Montage 100 1.0 103.253 102.051 526
Montage 100 1.0 103.282 102.033 476
CyberShake 30 1.0 156.127 8.002 326
CyberShake 30 1.0 156.127 8.015 333
CyberShake 30 1.0 156.127 8.020 295
CyberShake 30 1.0 156.127 8.001 339
CyberShake 30 1.0 156.127 8.004 296
CyberShake 30 1.0 156.127 8.001 325
CyberShake 30 1.0 156.127 8.001 344
CyberShake 30 1.0 156.127 8.003 337
CyberShake 30 1.0 156.127 8.019 255
CyberShake 30 1.0 156.127 8.006 299
CyberShake 50 1.0 181.597 22.438 292
CyberShake 50 1.0 180.157 22.458 294
CyberShake 50 1.0 179.938 22.451 284
CyberShake 50 1.0 181.597 22.469 292
CyberShake 50 1.0 179.938 22.418 300
CyberShake 50 1.0 180.101 22.415 292
CyberShake 50 1.0 179.938 22.448 289
CyberShake 50 1.0 179.938 22.421 289
CyberShake 50 1.0 179.953 22.430 300
CyberShake 50 1.0 181.713 22.422 290
CyberShake 100 1.0 239.253 138.476 527
CyberShake 100 1.0 240.186 138.468 517
CyberShake 100 1.0 239.160 138.584 519
CyberShake 100 1.0 239.220 138.633 520
CyberShake 100 1.0 239.130 138.599 562
CyberShake 100 1.0 239.088 138.543 578
CyberShake 100 1.0 239.300 138.492 536
CyberShake 100 1.0 239.150 138.629 519
CyberShake 100 1.0 239.160 138.609 516
CyberShake 100 1.0 239.091 138.526 516
Epigenomics 24 1.0 2320.908 4.321 180
Epigenomics 24 1.0 2320.908 4.316 175
Epigenomics 24 1.0 2320.908 4.319 162
Epigenomics 24 1.0 2320.908 4.312 167
Epigenomics 24 1.0 2320.908 4.313 190
Epigenomics 24 1.0 2320.908 4.321 187
Epigenomics 24 1.0 2320.908 4.314 212
Epigenomics 24 1.0 2320.908 4.313 252
Epigenomics 24 1.0 2320.908 4.321 253
Epigenomics 24 1.0 2320.908 4.317 264
Epigenomics 47 1.0 4313.610 13.216 294
Epigenomics 47 1.0 4313.610 13.195 310
Epigenomics 47 1.0 4313.610 13.192 309
Epigenomics 47 1.0 4313.610 13.205 304
Epigenomics 47 1.0 4313.610 13.211 306
Epigenomics 47 1.0 4318.488 13.201 300
Epigenomics 47 1.0 4318.488 13.213 287
Epigenomics 47 1.0 4313.610 13.194 308
Epigenomics 47 1.0 4313.610 13.190 341
Epigenomics 47 1.0 4313.610 13.209 316
Epigenomics 100 1.0 35234.663 54.795 285
Epigenomics 100 1.0 35320.920 54.840 301
Epigenomics 100 1.0 35299.153 54.919 297
Epigenomics 100 1.0 35272.953 54.908 295
Epigenomics 100 1.0 35273.399 54.806 276
Epigenomics 100 1.0 35272.953 54.801 250
Epigenomics 100 1.0 35229.439 54.945 253
Epigenomics 100 1.0 35272.953 54.899 252
Epigenomics 100 1.0 35272.939 54.869 257
Epigenomics 100 1.0 35276.860 54.898 251
Ligo 30 1.0 657.356 6.467 204
Ligo 30 1.0 657.356 6.471 214
Ligo 30 1.0 657.356 6.471 222
Ligo 30 1.0 658.233 6.469 240
Ligo 30 1.0 657.356 6.501 209
Ligo 30 1.0 658.233 6.477 237
Ligo 30 1.0 658.233 6.475 214
Ligo 30 1.0 657.324 6.503 207
Ligo 30 1.0 657.356 6.481 226
Ligo 30 1.0 657.356 6.491 220
Ligo 50 1.0 994.021 14.695 331
Ligo 50 1.0 993.838 14.698 327
Ligo 50 1.0 996.566 14.685 329
Ligo 50 1.0 994.556 14.706 304
Ligo 50 1.0 994.746 14.711 308
Ligo 50 1.0 992.135 14.695 299
Ligo 50 1.0 994.677 14.720 235
Ligo 50 1.0 994.306 14.732 224
Ligo 50 1.0 994.876 14.736 232
Ligo 50 1.0 997.686 14.725 233
Ligo 100 1.0 1755.760 32.510 168
Ligo 100 1.0 1754.257 32.554 195
Ligo 100 1.0 1757.581 32.561 200
Ligo 100 1.0 1754.677 32.506 202
Ligo 100 1.0 1757.083 32.496 199
Ligo 100 1.0 1756.001 32.494 194
Ligo 100 1.0 1756.880 32.515 203
Ligo 100 1.0 1755.650 32.565 203
Ligo 100 1.0 1757.297 32.488 203
Ligo 100 1.0 1757.903 32.556 201
gaussian 9 1.0 8.542 1.393 51
gaussian 9 1.0 8.542 1.376 70
gaussian 9 1.0 8.542 1.363 395
gaussian 9 1.0 8.542 1.363 366
gaussian 9 1.0 8.542 1.381 442
gaussian 9 1.0 8.542 1.367 52
gaussian 9 1.0 8.542 1.384 155
gaussian 9 1.0 8.542 1.371 145
gaussian 9 1.0 8.542 1.363 166
gaussian 9 1.0 8.542 1.396 224
gaussian 209 1.0 76.196 181.390 210
gaussian 209 1.0 76.073 181.382 212
gaussian 209 1.0 76.308 180.737 208
gaussian 209 1.0 76.513 181.306 205
gaussian 209 1.0 76.614 181.262 211
gaussian 209 1.0 76.250 181.324 205
gaussian 209 1.0 76.923 181.242 201
gaussian 209 1.0 76.543 181.033 210
gaussian 209 1.0 76.597 180.829 208
gaussian 209 1.0 76.777 181.229 209
gaussian 324 1.0 118.714 420.554 177
gaussian 324 1.0 119.016 420.974 180
gaussian 324 1.0 119.477 420.792 171
gaussian 324 1.0 118.925 419.482 174
gaussian 324 1.0 118.651 419.614 183
gaussian 324 1.0 118.816 420.415 181
gaussian 324 1.0 119.402 419.402 172
gaussian 324 1.0 118.947 420.013 180
gaussian 324 1.0 119.016 420.578 172
gaussian 324 1.0 118.509 421.279 175
fft 40 1.0 16.763 11.629 301
fft 40 1.0 16.633 11.618 321
fft 40 1.0 16.780 11.638 305
fft 40 1.0 16.685 11.619 355
fft 40 1.0 16.642 11.628 334
fft 40 1.0 16.727 11.618 278
fft 40 1.0 16.780 11.611 311
fft 40 1.0 16.517 11.628 307
fft 40 1.0 16.771 11.632 324
fft 40 1.0 16.750 11.632 314
fft 96 1.0 35.211 51.422 291
fft 96 1.0 35.084 51.301 282
fft 96 1.0 35.140 51.427 288
fft 96 1.0 35.171 51.416 298
fft 96 1.0 35.136 51.333 282
fft 96 1.0 35.155 51.270 283
fft 96 1.0 35.126 51.304 287
fft 96 1.0 35.220 51.378 269
fft 96 1.0 35.134 51.357 288
fft 96 1.0 35.193 51.416 292
fft 224 1.0 71.950 255.674 243
fft 224 1.0 72.020 255.938 251
fft 224 1.0 71.939 255.753 243
fft 224 1.0 71.921 255.773 249
fft 224 1.0 71.934 255.736 243
fft 224 1.0 71.923 255.574 249
fft 224 1.0 72.003 255.795 249
fft 224 1.0 71.908 255.908 255
fft 224 1.0 71.972 256.245 244
fft 224 1.0 71.928 255.753 249
