Montage 25 1.0 28.504 5.282 215
Montage 25 1.0 28.546 5.275 224
Montage 25 1.0 28.587 5.286 247
Montage 25 1.0 28.546 5.281 282
Montage 25 1.0 28.546 5.286 213
Montage 25 1.0 28.546 5.296 188
Montage 25 1.0 28.546 5.279 196
Montage 25 1.0 28.546 5.303 182
Montage 25 1.0 28.546 5.274 221
Montage 25 1.0 28.504 5.292 201
Montage 50 1.0 52.957 19.590 263
Montage 50 1.0 53.017 19.598 256
Montage 50 1.0 53.037 19.622 264
Montage 50 1.0 52.957 19.584 261
Montage 50 1.0 53.097 19.581 290
Montage 50 1.0 52.990 19.554 353
Montage 50 1.0 52.966 19.568 363
Montage 50 1.0 52.994 19.581 307
Montage 50 1.0 52.928 19.569 259
Montage 50 1.0 52.972 19.597 257
Montage 100 1.0 103.244 102.024 473
Montage 100 1.0 103.298 102.136 467
Montage 100 1.0 103.225 102.055 416
Montage 100 1.0 103.233 102.069 415
Montage 100 1.0 103.312 102.189 422
Montage 100 1.0 103.268 102.103 405
Montage 100 1.0 103.251 102.154 417
Montage 100 1.0 103.248 102.074 411
Montage 100 1.0 103.272 102.073 472
Montage 100 1.0 103.037 102.140 484
CyberShake 30 1.0 156.127 8.000 205
CyberShake 30 1.0 156.127 8.010 253
CyberShake 30 1.0 156.127 8.010 222
CyberShake 30 1.0 156.127 8.012 234
CyberShake 30 1.0 156.127 8.021 226
CyberShake 30 1.0 156.127 7.999 245
CyberShake 30 1.0 156.127 8.016 226
CyberShake 30 1.0 156.127 8.030 232
CyberShake 30 1.0 156.127 8.033 196
CyberShake 30 1.0 156.127 8.018 230
CyberShake 50 1.0 180.871 22.428 268
CyberShake 50 1.0 179.938 22.467 264
CyberShake 50 1.0 179.938 22.443 268
CyberShake 50 1.0 179.938 22.428 268
CyberShake 50 1.0 179.938 22.442 268
CyberShake 50 1.0 181.890 22.411 267
CyberShake 50 1.0 179.953 22.445 366
CyberShake 50 1.0 179.938 22.434 368
CyberShake 50 1.0 180.871 22.424 385
CyberShake 50 1.0 181.597 22.412 367
CyberShake 100 1.0 239.197 138.522 472
CyberShake 100 1.0 239.203 138.643 469
CyberShake 100 1.0 239.267 138.665 516
CyberShake 100 1.0 239.308 138.504 527
CyberShake 100 1.0 239.164 138.702 482
CyberShake 100 1.0 239.274 138.653 475
CyberShake 100 1.0 239.295 138.697 471
CyberShake 100 1.0 239.227 138.560 475
CyberShake 100 1.0 239.113 138.578 495
CyberShake 100 1.0 239.198 138.514 535
Epigenomics 24 1.0 2320.908 4.323 159
Epigenomics 24 1.0 2320.908 4.317 175
Epigenomics 24 1.0 2320.908 4.317 203
Epigenomics 24 1.0 2320.908 4.329 175
Epigenomics 24 1.0 2320.908 4.316 190
Epigenomics 24 1.0 2320.908 4.330 148
Epigenomics 24 1.0 2320.908 4.315 194
Epigenomics 24 1.0 2320.908 4.315 213
Epigenomics 24 1.0 2320.908 4.323 240
Epigenomics 24 1.0 2320.908 4.324 185
Epigenomics 47 1.0 4313.610 13.219 214
Epigenomics 47 1.0 4313.610 13.212 208
Epigenomics 47 1.0 4313.610 13.235 217
Epigenomics 47 1.0 4313.610 13.239 208
Epigenomics 47 1.0 4313.610 13.208 213
Epigenomics 47 1.0 4318.488 13.204 206
Epigenomics 47 1.0 4313.610 13.198 213
Epigenomics 47 1.0 4313.610 13.201 205
Epigenomics 47 1.0 4313.610 13.195 213
Epigenomics 47 1.0 4313.610 13.243 210
Epigenomics 100 1.0 35273.403 54.900 233
Epigenomics 100 1.0 35272.953 54.997 230
Epigenomics 100 1.0 35277.637 54.886 227
Epigenomics 100 1.0 35272.862 54.825 230
Epigenomics 100 1.0 35272.862 54.947 232
Epigenomics 100 1.0 35296.313 54.828 260
Epigenomics 100 1.0 35230.813 54.902 267
Epigenomics 100 1.0 35277.540 54.814 265
Epigenomics 100 1.0 35242.480 54.806 263
Epigenomics 100 1.0 35218.305 54.843 259
Ligo 30 1.0 658.233 6.510 239
Ligo 30 1.0 658.005 6.480 282
Ligo 30 1.0 658.233 6.479 245
Ligo 30 1.0 657.356 6.474 284
Ligo 30 1.0 658.233 6.486 218
Ligo 30 1.0 657.356 6.470 245
Ligo 30 1.0 657.980 6.479 273
Ligo 30 1.0 657.356 6.471 237
Ligo 30 1.0 657.356 6.490 243
Ligo 30 1.0 657.356 6.480 245
Ligo 50 1.0 992.693 14.714 292
Ligo 50 1.0 992.418 14.694 300
Ligo 50 1.0 995.653 14.691 298
Ligo 50 1.0 990.806 14.699 291
Ligo 50 1.0 992.157 14.694 275
Ligo 50 1.0 995.846 14.684 292
Ligo 50 1.0 996.001 14.716 284
Ligo 50 1.0 994.555 14.722 279
Ligo 50 1.0 997.695 14.716 299
Ligo 50 1.0 991.034 14.697 283
Ligo 100 1.0 1754.471 32.532 173
Ligo 100 1.0 1760.993 32.589 177
Ligo 100 1.0 1757.351 32.503 178
Ligo 100 1.0 1757.610 32.466 171
Ligo 100 1.0 1755.570 32.580 178
Ligo 100 1.0 1756.229 32.588 174
Ligo 100 1.0 1757.334 32.526 150
Ligo 100 1.0 1754.514 32.640 151
Ligo 100 1.0 1760.120 32.604 151
Ligo 100 1.0 1755.662 32.648 150
gaussian 9 1.0 8.542 1.364 244
gaussian 9 1.0 8.542 1.383 180
gaussian 9 1.0 8.542 1.376 184
gaussian 9 1.0 8.542 1.392 111
gaussian 9 1.0 8.542 1.396 150
gaussian 9 1.0 8.542 1.364 83
gaussian 9 1.0 8.542 1.371 152
gaussian 9 1.0 8.542 1.365 348
gaussian 9 1.0 8.542 1.370 495
gaussian 9 1.0 8.542 1.393 184
gaussian 209 1.0 76.405 181.179 191
gaussian 209 1.0 76.233 181.447 195
gaussian 209 1.0 76.050 180.807 183
gaussian 209 1.0 76.382 180.941 182
gaussian 209 1.0 76.682 181.109 184
gaussian 209 1.0 76.622 180.992 180
gaussian 209 1.0 76.159 181.172 185
gaussian 209 1.0 76.000 181.101 192
gaussian 209 1.0 76.399 181.459 191
gaussian 209 1.0 76.427 181.175 183
gaussian 324 1.0 119.152 421.026 157
gaussian 324 1.0 119.015 420.142 159
gaussian 324 1.0 118.775 421.178 156
gaussian 324 1.0 118.486 419.552 158
gaussian 324 1.0 118.672 420.511 162
gaussian 324 1.0 118.676 419.466 155
gaussian 324 1.0 118.849 421.180 158
gaussian 324 1.0 119.266 420.530 159
gaussian 324 1.0 118.462 420.542 157
gaussian 324 1.0 119.183 421.126 156
fft 40 1.0 16.750 11.640 232
fft 40 1.0 16.733 11.624 229
fft 40 1.0 16.823 11.636 217
fft 40 1.0 16.608 11.615 212
fft 40 1.0 16.642 11.628 223
fft 40 1.0 16.574 11.645 230
fft 40 1.0 16.616 11.640 224
fft 40 1.0 16.642 11.663 236
fft 40 1.0 16.633 11.637 229
fft 40 1.0 16.750 11.673 221
fft 96 1.0 35.180 51.405 277
fft 96 1.0 35.104 51.267 249
fft 96 1.0 35.171 51.407 263
fft 96 1.0 35.136 51.414 263
fft 96 1.0 35.179 51.378 251
fft 96 1.0 35.210 51.284 266
fft 96 1.0 35.146 51.443 247
fft 96 1.0 35.134 51.414 275
fft 96 1.0 35.178 51.310 245
fft 96 1.0 35.120 51.362 273
fft 224 1.0 71.984 255.825 217
fft 224 1.0 71.976 255.906 226
fft 224 1.0 71.915 256.267 221
fft 224 1.0 71.998 255.701 222
fft 224 1.0 71.924 256.031 224
fft 224 1.0 71.943 255.796 225
fft 224 1.0 71.927 255.507 221
fft 224 1.0 71.924 255.951 227
fft 224 1.0 71.934 256.203 220
fft 224 1.0 71.912 255.449 227
