Montage 25 1.0 28.546 5.283 200
Montage 25 1.0 28.546 5.287 201
Montage 25 1.0 28.504 5.276 192
Montage 25 1.0 28.546 5.284 188
Montage 25 1.0 28.546 5.282 239
Montage 25 1.0 28.546 5.295 207
Montage 25 1.0 28.546 5.306 216
Montage 25 1.0 28.546 5.286 184
Montage 25 1.0 28.546 5.275 209
Montage 25 1.0 28.504 5.292 221
Montage 50 1.0 53.068 19.593 259
Montage 50 1.0 53.038 19.574 256
Montage 50 1.0 53.048 19.570 255
Montage 50 1.0 52.934 19.593 257
Montage 50 1.0 52.987 19.546 276
Montage 50 1.0 53.037 19.584 347
Montage 50 1.0 52.933 19.584 360
Montage 50 1.0 53.047 19.583 325
Montage 50 1.0 53.097 19.608 262
Montage 50 1.0 53.137 19.569 253
Montage 100 1.0 103.232 102.005 457
Montage 100 1.0 103.086 102.191 412
Montage 100 1.0 103.219 102.176 407
Montage 100 1.0 103.251 102.184 410
Montage 100 1.0 103.307 102.077 409
Montage 100 1.0 103.294 102.122 406
Montage 100 1.0 103.235 102.056 424
Montage 100 1.0 103.249 102.152 478
Montage 100 1.0 103.242 102.008 459
Montage 100 1.0 103.257 102.172 434
CyberShake 30 1.0 156.127 8.009 237
CyberShake 30 1.0 156.127 8.013 246
CyberShake 30 1.0 156.127 8.031 234
CyberShake 30 1.0 156.127 8.011 241
CyberShake 30 1.0 156.127 8.018 224
CyberShake 30 1.0 156.127 8.017 222
CyberShake 30 1.0 156.127 8.047 254
CyberShake 30 1.0 156.127 8.010 254
CyberShake 30 1.0 156.127 8.039 226
CyberShake 30 1.0 156.127 8.012 221
CyberShake 50 1.0 179.938 22.449 364
CyberShake 50 1.0 179.938 22.404 359
CyberShake 50 1.0 179.938 22.445 343
CyberShake 50 1.0 179.938 22.427 382
CyberShake 50 1.0 179.938 22.417 352
CyberShake 50 1.0 179.938 22.439 375
CyberShake 50 1.0 179.938 22.410 368
CyberShake 50 1.0 179.938 22.423 372
CyberShake 50 1.0 179.953 22.428 373
CyberShake 50 1.0 179.938 22.417 263
CyberShake 100 1.0 239.173 138.651 511
CyberShake 100 1.0 239.553 138.462 461
CyberShake 100 1.0 239.365 138.710 461
CyberShake 100 1.0 239.277 138.489 458
CyberShake 100 1.0 239.028 138.691 462
CyberShake 100 1.0 239.147 138.506 496
CyberShake 100 1.0 238.953 138.604 513
CyberShake 100 1.0 239.470 138.704 470
CyberShake 100 1.0 239.516 138.689 464
CyberShake 100 1.0 239.547 138.720 458
Epigenomics 24 1.0 2320.908 4.336 182
Epigenomics 24 1.0 2320.908 4.321 196
Epigenomics 24 1.0 2320.908 4.353 199
Epigenomics 24 1.0 2320.908 4.327 174
Epigenomics 24 1.0 2320.908 4.345 167
Epigenomics 24 1.0 2320.908 4.321 208
Epigenomics 24 1.0 2320.908 4.316 157
Epigenomics 24 1.0 2320.908 4.340 167
Epigenomics 24 1.0 2320.908 4.314 201
Epigenomics 24 1.0 2320.908 4.322 184
Epigenomics 47 1.0 4313.610 13.242 201
Epigenomics 47 1.0 4313.610 13.252 209
Epigenomics 47 1.0 4318.488 13.192 208
Epigenomics 47 1.0 4313.610 13.204 270
Epigenomics 47 1.0 4313.610 13.208 277
Epigenomics 47 1.0 4313.610 13.227 260
Epigenomics 47 1.0 4313.610 13.190 295
Epigenomics 47 1.0 4313.610 13.206 299
Epigenomics 47 1.0 4313.610 13.198 280
Epigenomics 47 1.0 4313.610 13.203 283
Epigenomics 100 1.0 35218.055 55.014 245
Epigenomics 100 1.0 35253.707 54.905 231
Epigenomics 100 1.0 35246.612 54.875 223
Epigenomics 100 1.0 35221.473 54.799 225
Epigenomics 100 1.0 35258.818 54.983 228
Epigenomics 100 1.0 35224.968 54.887 225
Epigenomics 100 1.0 35261.440 54.903 228
Epigenomics 100 1.0 35253.513 54.977 235
Epigenomics 100 1.0 35272.953 54.844 227
Epigenomics 100 1.0 35258.428 54.959 226
Ligo 30 1.0 657.356 6.477 253
Ligo 30 1.0 658.233 6.479 280
Ligo 30 1.0 658.233 6.493 275
Ligo 30 1.0 658.233 6.477 280
Ligo 30 1.0 658.233 6.478 222
Ligo 30 1.0 657.356 6.496 199
Ligo 30 1.0 657.356 6.498 195
Ligo 30 1.0 658.233 6.467 199
Ligo 30 1.0 657.356 6.525 202
Ligo 30 1.0 657.356 6.499 214
Ligo 50 1.0 994.435 14.693 294
Ligo 50 1.0 994.106 14.714 290
Ligo 50 1.0 991.627 14.697 306
Ligo 50 1.0 992.340 14.721 285
Ligo 50 1.0 995.876 14.684 302
Ligo 50 1.0 994.029 14.712 231
Ligo 50 1.0 995.021 14.747 210
Ligo 50 1.0 992.416 14.693 203
Ligo 50 1.0 991.519 14.692 210
Ligo 50 1.0 991.829 14.768 208
Ligo 100 1.0 1758.335 32.466 145
Ligo 100 1.0 1756.287 32.583 150
Ligo 100 1.0 1756.387 32.590 149
Ligo 100 1.0 1757.270 32.498 149
Ligo 100 1.0 1755.137 32.555 149
Ligo 100 1.0 1757.316 32.475 148
Ligo 100 1.0 1756.560 32.593 149
Ligo 100 1.0 1759.093 32.646 148
Ligo 100 1.0 1757.802 32.481 148
Ligo 100 1.0 1756.750 32.616 150
gaussian 9 1.0 8.542 1.365 402
gaussian 9 1.0 8.542 1.388 429
gaussian 9 1.0 8.542 1.406 165
gaussian 9 1.0 8.542 1.364 427
gaussian 9 1.0 8.542 1.370 82
gaussian 9 1.0 8.542 1.375 379
gaussian 9 1.0 8.542 1.372 330
gaussian 9 1.0 8.542 1.375 158
gaussian 9 1.0 8.542 1.380 194
gaussian 9 1.0 8.542 1.372 127
gaussian 209 1.0 76.145 181.413 181
gaussian 209 1.0 76.410 180.831 179
gaussian 209 1.0 76.558 181.451 181
gaussian 209 1.0 76.431 181.137 183
gaussian 209 1.0 76.336 180.732 188
gaussian 209 1.0 75.998 181.215 182
gaussian 209 1.0 76.515 181.134 178
gaussian 209 1.0 76.354 181.238 181
gaussian 209 1.0 76.291 180.945 179
gaussian 209 1.0 76.733 181.275 177
gaussian 324 1.0 118.538 419.737 157
gaussian 324 1.0 119.439 419.587 150
gaussian 324 1.0 118.550 420.492 154
gaussian 324 1.0 119.040 419.648 154
gaussian 324 1.0 119.207 419.918 152
gaussian 324 1.0 118.808 419.724 154
gaussian 324 1.0 119.595 419.495 153
gaussian 324 1.0 119.135 419.474 154
gaussian 324 1.0 118.814 421.448 154
gaussian 324 1.0 118.994 420.749 156
fft 40 1.0 16.694 11.636 237
fft 40 1.0 16.804 11.618 231
fft 40 1.0 16.750 11.652 231
fft 40 1.0 16.616 11.636 220
fft 40 1.0 16.696 11.620 229
fft 40 1.0 16.760 11.629 215
fft 40 1.0 16.672 11.634 219
fft 40 1.0 16.725 11.617 225
fft 40 1.0 16.539 11.631 219
fft 40 1.0 16.753 11.628 213
fft 96 1.0 35.154 51.354 252
fft 96 1.0 35.101 51.319 257
fft 96 1.0 35.173 51.374 255
fft 96 1.0 35.189 51.382 247
fft 96 1.0 35.211 51.420 266
fft 96 1.0 35.129 51.385 245
fft 96 1.0 35.175 51.276 259
fft 96 1.0 35.086 51.402 247
fft 96 1.0 35.190 51.308 263
fft 96 1.0 35.157 51.356 249
fft 224 1.0 71.940 255.457 222
fft 224 1.0 71.948 256.387 220
fft 224 1.0 71.946 255.726 218
fft 224 1.0 71.920 256.436 219
fft 224 1.0 72.018 255.730 217
fft 224 1.0 71.966 255.455 215
fft 224 1.0 71.993 255.652 220
fft 224 1.0 71.939 255.555 216
fft 224 1.0 71.918 256.122 222
fft 224 1.0 71.919 255.700 219
