Montage 25 1.0 28.504 5.287 239
Montage 25 1.0 28.546 5.300 193
Montage 25 1.0 28.504 5.284 267
Montage 25 1.0 28.546 5.276 255
Montage 25 1.0 28.546 5.289 242
Montage 25 1.0 28.546 5.285 221
Montage 25 1.0 28.504 5.286 228
Montage 25 1.0 28.546 5.283 236
Montage 25 1.0 28.546 5.301 205
Montage 25 1.0 28.546 5.283 219
Montage 50 1.0 52.932 19.564 257
Montage 50 1.0 53.137 19.605 260
Montage 50 1.0 52.957 19.600 257
Montage 50 1.0 53.037 19.598 268
Montage 50 1.0 52.927 19.588 282
Montage 50 1.0 53.206 19.588 357
Montage 50 1.0 53.077 19.558 386
Montage 50 1.0 52.987 19.558 322
Montage 50 1.0 53.078 19.559 266
Montage 50 1.0 53.017 19.619 259
Montage 100 1.0 103.157 102.128 434
Montage 100 1.0 103.212 102.019 479
Montage 100 1.0 102.802 102.090 489
Montage 100 1.0 103.258 102.207 434
Montage 100 1.0 103.293 102.089 412
Montage 100 1.0 103.227 102.107 413
Montage 100 1.0 103.159 102.198 419
Montage 100 1.0 103.272 102.024 420
Montage 100 1.0 103.276 102.104 412
Montage 100 1.0 103.226 102.059 466
CyberShake 30 1.0 156.127 7.999 221
CyberShake 30 1.0 156.127 8.003 218
CyberShake 30 1.0 156.127 8.012 222
CyberShake 30 1.0 156.127 8.000 215
CyberShake 30 1.0 156.127 8.003 235
CyberShake 30 1.0 156.127 8.020 242
CyberShake 30 1.0 156.127 8.031 226
CyberShake 30 1.0 156.127 8.017 214
CyberShake 30 1.0 156.127 8.017 242
CyberShake 30 1.0 156.127 8.052 226
CyberShake 50 1.0 179.938 22.449 263
CyberShake 50 1.0 180.871 22.413 267
CyberShake 50 1.0 180.871 22.421 270
CyberShake 50 1.0 179.938 22.417 265
CyberShake 50 1.0 179.938 22.417 270
CyberShake 50 1.0 179.953 22.410 261
CyberShake 50 1.0 181.408 22.455 268
CyberShake 50 1.0 179.938 22.441 267
CyberShake 50 1.0 180.871 22.460 267
CyberShake 50 1.0 179.938 22.475 274
CyberShake 100 1.0 239.219 138.586 526
CyberShake 100 1.0 239.093 138.528 491
CyberShake 100 1.0 239.240 138.582 471
CyberShake 100 1.0 239.116 138.625 474
CyberShake 100 1.0 239.293 138.465 476
CyberShake 100 1.0 239.317 138.567 485
CyberShake 100 1.0 239.085 138.659 527
CyberShake 100 1.0 239.081 138.462 523
CyberShake 100 1.0 239.163 138.649 474
CyberShake 100 1.0 239.360 138.470 478
Epigenomics 24 1.0 2320.908 4.329 163
Epigenomics 24 1.0 2320.908 4.334 189
Epigenomics 24 1.0 2320.908 4.329 207
Epigenomics 24 1.0 2320.908 4.331 165
Epigenomics 24 1.0 2320.908 4.330 188
Epigenomics 24 1.0 2320.908 4.329 172
Epigenomics 24 1.0 2320.908 4.323 151
Epigenomics 24 1.0 2320.908 4.318 230
Epigenomics 24 1.0 2320.908 4.321 175
Epigenomics 24 1.0 2320.908 4.319 181
Epigenomics 47 1.0 4313.610 13.232 209
Epigenomics 47 1.0 4313.610 13.236 212
Epigenomics 47 1.0 4313.610 13.213 212
Epigenomics 47 1.0 4313.610 13.224 212
Epigenomics 47 1.0 4313.610 13.245 200
Epigenomics 47 1.0 4313.610 13.217 211
Epigenomics 47 1.0 4313.610 13.233 214
Epigenomics 47 1.0 4313.610 13.221 212
Epigenomics 47 1.0 4313.610 13.238 205
Epigenomics 47 1.0 4313.610 13.204 202
Epigenomics 100 1.0 35277.475 54.841 270
Epigenomics 100 1.0 35246.271 54.822 264
Epigenomics 100 1.0 35246.123 54.889 265
Epigenomics 100 1.0 35273.343 54.811 265
Epigenomics 100 1.0 35215.232 54.899 232
Epigenomics 100 1.0 35284.774 54.959 230
Epigenomics 100 1.0 35245.772 54.874 232
Epigenomics 100 1.0 35272.953 54.954 229
Epigenomics 100 1.0 35259.237 54.903 234
Epigenomics 100 1.0 35257.757 54.908 227
Ligo 30 1.0 657.324 6.471 265
Ligo 30 1.0 657.330 6.478 252
Ligo 30 1.0 657.356 6.465 229
Ligo 30 1.0 657.356 6.474 249
Ligo 30 1.0 657.356 6.480 262
Ligo 30 1.0 657.356 6.468 273
Ligo 30 1.0 657.356 6.466 256
Ligo 30 1.0 658.233 6.486 209
Ligo 30 1.0 657.356 6.468 224
Ligo 30 1.0 657.356 6.486 278
Ligo 50 1.0 993.439 14.715 206
Ligo 50 1.0 993.272 14.685 208
Ligo 50 1.0 997.003 14.734 206
Ligo 50 1.0 996.015 14.730 213
Ligo 50 1.0 992.277 14.694 206
Ligo 50 1.0 994.642 14.683 249
Ligo 50 1.0 996.140 14.685 282
Ligo 50 1.0 994.280 14.698 306
Ligo 50 1.0 994.786 14.712 279
Ligo 50 1.0 991.197 14.685 307
Ligo 100 1.0 1759.104 32.597 150
Ligo 100 1.0 1757.927 32.541 149
Ligo 100 1.0 1759.940 32.520 150
Ligo 100 1.0 1755.913 32.618 151
Ligo 100 1.0 1756.020 32.554 151
Ligo 100 1.0 1757.036 32.639 151
Ligo 100 1.0 1756.367 32.561 150
Ligo 100 1.0 1758.703 32.581 175
Ligo 100 1.0 1757.955 32.516 173
Ligo 100 1.0 1758.319 32.597 175
gaussian 9 1.0 8.542 1.380 47
gaussian 9 1.0 8.542 1.367 48
gaussian 9 1.0 8.542 1.364 482
gaussian 9 1.0 8.542 1.366 315
gaussian 9 1.0 8.542 1.373 199
gaussian 9 1.0 8.542 1.381 143
gaussian 9 1.0 8.542 1.367 183
gaussian 9 1.0 8.542 1.365 309
gaussian 9 1.0 8.542 1.363 202
gaussian 9 1.0 8.542 1.368 232
gaussian 209 1.0 76.490 181.506 185
gaussian 209 1.0 76.636 181.260 184
gaussian 209 1.0 76.536 181.447 187
gaussian 209 1.0 76.956 180.785 184
gaussian 209 1.0 76.584 181.146 184
gaussian 209 1.0 76.681 181.186 184
gaussian 209 1.0 76.580 181.006 184
gaussian 209 1.0 76.490 181.029 182
gaussian 209 1.0 76.429 180.907 184
gaussian 209 1.0 76.513 180.969 185
gaussian 324 1.0 118.697 420.765 155
gaussian 324 1.0 118.262 420.368 157
gaussian 324 1.0 119.118 420.819 158
gaussian 324 1.0 119.263 421.465 156
gaussian 324 1.0 119.100 419.839 154
gaussian 324 1.0 119.017 420.151 157
gaussian 324 1.0 119.285 420.675 155
gaussian 324 1.0 119.475 420.443 155
gaussian 324 1.0 118.896 420.601 159
gaussian 324 1.0 119.155 419.429 158
fft 40 1.0 16.660 11.654 226
fft 40 1.0 16.616 11.615 223
fft 40 1.0 16.495 11.612 223
fft 40 1.0 16.760 11.627 216
fft 40 1.0 16.608 11.638 225
fft 40 1.0 16.616 11.629 217
fft 40 1.0 16.731 11.616 224
fft 40 1.0 16.788 11.634 227
fft 40 1.0 16.601 11.644 226
fft 40 1.0 16.599 11.641 221
fft 96 1.0 35.236 51.418 248
fft 96 1.0 35.097 51.272 282
fft 96 1.0 35.154 51.271 244
fft 96 1.0 35.184 51.279 267
fft 96 1.0 35.201 51.279 252
fft 96 1.0 35.159 51.286 256
fft 96 1.0 35.151 51.401 271
fft 96 1.0 35.162 51.370 245
fft 96 1.0 35.194 51.324 276
fft 96 1.0 35.173 51.408 244
fft 224 1.0 71.939 256.187 227
fft 224 1.0 71.918 255.855 222
fft 224 1.0 71.923 255.479 225
fft 224 1.0 71.919 256.031 221
fft 224 1.0 71.918 255.767 223
fft 224 1.0 71.915 256.013 224
fft 224 1.0 71.926 256.483 219
fft 224 1.0 71.911 256.051 227
fft 224 1.0 71.918 256.427 219
fft 224 1.0 71.912 256.384 228
