Montage 25 1.0 28.504 5.278 170
Montage 25 1.0 28.546 5.296 196
Montage 25 1.0 28.546 5.294 158
Montage 25 1.0 28.504 5.280 190
Montage 25 1.0 28.504 5.299 229
Montage 25 1.0 28.546 5.292 213
Montage 25 1.0 28.504 5.282 178
Montage 25 1.0 28.504 5.285 256
Montage 25 1.0 28.546 5.274 200
Montage 25 1.0 28.546 5.274 229
Montage 50 1.0 52.977 19.562 241
Montage 50 1.0 53.078 19.596 239
Montage 50 1.0 53.077 19.560 244
Montage 50 1.0 52.958 19.551 253
Montage 50 1.0 53.067 19.576 319
Montage 50 1.0 53.067 19.559 327
Montage 50 1.0 53.067 19.595 265
Montage 50 1.0 53.037 19.596 232
Montage 50 1.0 53.048 19.571 238
Montage 50 1.0 52.927 19.557 235
Montage 100 1.0 103.043 102.042 424
Montage 100 1.0 103.253 102.129 392
Montage 100 1.0 103.240 102.160 374
Montage 100 1.0 103.302 102.021 365
Montage 100 1.0 103.082 102.155 375
Montage 100 1.0 103.346 102.167 372
Montage 100 1.0 103.492 102.179 369
Montage 100 1.0 103.319 102.173 416
Montage 100 1.0 103.252 102.015 421
Montage 100 1.0 103.247 102.079 423
CyberShake 30 1.0 156.127 7.997 303
CyberShake 30 1.0 156.127 8.025 256
CyberShake 30 1.0 156.127 8.015 251
CyberShake 30 1.0 156.127 8.003 230
CyberShake 30 1.0 156.127 8.011 268
CyberShake 30 1.0 156.127 8.027 217
CyberShake 30 1.0 156.127 8.006 254
CyberShake 30 1.0 156.127 8.003 266
CyberShake 30 1.0 156.127 8.007 210
CyberShake 30 1.0 156.127 8.020 214
CyberShake 50 1.0 179.943 22.478 245
CyberShake 50 1.0 179.938 22.428 243
CyberShake 50 1.0 179.938 22.455 244
CyberShake 50 1.0 180.333 22.501 239
CyberShake 50 1.0 180.871 22.486 241
CyberShake 50 1.0 179.673 22.457 244
CyberShake 50 1.0 179.938 22.404 242
CyberShake 50 1.0 179.938 22.442 242
CyberShake 50 1.0 180.871 22.471 244
CyberShake 50 1.0 179.938 22.491 241
CyberShake 100 1.0 239.487 138.609 430
CyberShake 100 1.0 239.207 138.591 429
CyberShake 100 1.0 239.070 138.467 448
CyberShake 100 1.0 239.417 138.717 463
CyberShake 100 1.0 239.367 138.704 455
CyberShake 100 1.0 239.187 138.640 430
CyberShake 100 1.0 239.203 138.531 424
CyberShake 100 1.0 238.867 138.643 425
CyberShake 100 1.0 239.257 138.566 430
CyberShake 100 1.0 239.160 138.658 473
Epigenomics 24 1.0 2320.908 4.317 190
Epigenomics 24 1.0 2320.908 4.311 173
Epigenomics 24 1.0 2320.908 4.311 181
Epigenomics 24 1.0 2320.908 4.323 225
Epigenomics 24 1.0 2320.908 4.320 192
Epigenomics 24 1.0 2320.908 4.343 173
Epigenomics 24 1.0 2320.908 4.319 170
Epigenomics 24 1.0 2320.908 4.313 196
Epigenomics 24 1.0 2320.908 4.325 148
Epigenomics 24 1.0 2320.908 4.319 204
Epigenomics 47 1.0 4313.610 13.209 196
Epigenomics 47 1.0 4313.610 13.235 191
Epigenomics 47 1.0 4313.610 13.233 189
Epigenomics 47 1.0 4313.610 13.243 182
Epigenomics 47 1.0 4313.610 13.193 188
Epigenomics 47 1.0 4313.610 13.249 188
Epigenomics 47 1.0 4313.610 13.195 192
Epigenomics 47 1.0 4313.610 13.207 189
Epigenomics 47 1.0 4313.610 13.239 191
Epigenomics 47 1.0 4318.488 13.215 196
Epigenomics 100 1.0 35319.496 54.898 225
Epigenomics 100 1.0 35258.642 54.981 233
Epigenomics 100 1.0 35218.180 54.928 223
Epigenomics 100 1.0 35244.979 54.923 232
Epigenomics 100 1.0 35238.386 54.981 229
Epigenomics 100 1.0 35256.585 54.917 213
Epigenomics 100 1.0 35264.983 54.955 205
Epigenomics 100 1.0 35231.868 54.834 205
Epigenomics 100 1.0 35278.270 54.886 206
Epigenomics 100 1.0 35273.252 54.830 206
Ligo 30 1.0 657.356 6.497 161
Ligo 30 1.0 657.356 6.504 193
Ligo 30 1.0 657.356 6.493 173
Ligo 30 1.0 657.330 6.470 170
Ligo 30 1.0 657.356 6.505 187
Ligo 30 1.0 657.324 6.474 185
Ligo 30 1.0 657.356 6.474 193
Ligo 30 1.0 657.356 6.478 214
Ligo 30 1.0 657.980 6.489 175
Ligo 30 1.0 657.356 6.481 196
Ligo 50 1.0 995.629 14.708 257
Ligo 50 1.0 995.151 14.701 258
Ligo 50 1.0 995.812 14.735 254
Ligo 50 1.0 996.042 14.698 269
Ligo 50 1.0 997.308 14.734 260
Ligo 50 1.0 994.400 14.700 272
Ligo 50 1.0 994.316 14.717 249
Ligo 50 1.0 992.171 14.704 244
Ligo 50 1.0 995.560 14.710 266
Ligo 50 1.0 996.592 14.709 271
Ligo 100 1.0 1757.989 32.652 140
Ligo 100 1.0 1762.227 32.472 135
Ligo 100 1.0 1756.294 32.527 136
Ligo 100 1.0 1755.907 32.636 140
Ligo 100 1.0 1757.731 32.583 139
Ligo 100 1.0 1761.037 32.512 136
Ligo 100 1.0 1756.637 32.560 136
Ligo 100 1.0 1757.630 32.530 139
Ligo 100 1.0 1763.468 32.506 137
Ligo 100 1.0 1759.660 32.553 148
gaussian 9 1.0 8.542 1.368 148
gaussian 9 1.0 8.542 1.370 275
gaussian 9 1.0 8.542 1.372 235
gaussian 9 1.0 8.542 1.366 67
gaussian 9 1.0 8.542 1.394 128
gaussian 9 1.0 8.542 1.376 99
gaussian 9 1.0 8.542 1.392 95
gaussian 9 1.0 8.542 1.370 172
gaussian 9 1.0 8.542 1.366 266
gaussian 9 1.0 8.542 1.365 328
gaussian 209 1.0 76.573 181.376 161
gaussian 209 1.0 76.087 181.378 163
gaussian 209 1.0 76.082 181.030 161
gaussian 209 1.0 76.338 180.733 164
gaussian 209 1.0 76.282 181.465 165
gaussian 209 1.0 76.174 180.898 167
gaussian 209 1.0 76.777 180.835 164
gaussian 209 1.0 76.571 180.986 162
gaussian 209 1.0 76.351 181.282 160
gaussian 209 1.0 76.534 181.276 160
gaussian 324 1.0 118.901 420.965 140
gaussian 324 1.0 118.507 420.914 141
gaussian 324 1.0 118.348 421.017 140
gaussian 324 1.0 118.506 421.086 139
gaussian 324 1.0 118.959 420.927 142
gaussian 324 1.0 118.930 420.059 137
gaussian 324 1.0 118.518 421.142 140
gaussian 324 1.0 119.141 421.423 141
gaussian 324 1.0 118.783 421.125 139
gaussian 324 1.0 119.127 419.653 136
fft 40 1.0 16.675 11.636 278
fft 40 1.0 16.694 11.630 260
fft 40 1.0 16.849 11.640 286
fft 40 1.0 16.672 11.627 259
fft 40 1.0 16.659 11.639 294
fft 40 1.0 16.750 11.627 289
fft 40 1.0 16.579 11.630 269
fft 40 1.0 16.638 11.611 282
fft 40 1.0 16.659 11.627 270
fft 40 1.0 16.754 11.624 271
fft 96 1.0 35.214 51.458 245
fft 96 1.0 35.184 51.439 225
fft 96 1.0 35.215 51.268 240
fft 96 1.0 35.260 51.285 228
fft 96 1.0 35.138 51.266 248
fft 96 1.0 35.197 51.299 222
fft 96 1.0 35.151 51.282 240
fft 96 1.0 35.197 51.438 232
fft 96 1.0 35.198 51.280 230
fft 96 1.0 35.137 51.467 242
fft 224 1.0 71.923 256.541 200
fft 224 1.0 71.926 255.465 196
fft 224 1.0 71.972 255.967 195
fft 224 1.0 71.937 255.892 197
fft 224 1.0 71.946 255.490 198
fft 224 1.0 71.931 256.012 196
fft 224 1.0 71.937 255.499 193
fft 224 1.0 71.943 256.099 196
fft 224 1.0 71.924 256.306 198
fft 224 1.0 71.961 255.717 191
