Montage 25 1.0 28.546 5.291 215
Montage 25 1.0 28.546 5.291 226
Montage 25 1.0 28.546 5.280 296
Montage 25 1.0 28.546 5.279 246
Montage 25 1.0 28.546 5.298 202
Montage 25 1.0 28.587 5.286 201
Montage 25 1.0 28.504 5.278 248
Montage 25 1.0 28.546 5.291 202
Montage 25 1.0 28.546 5.319 217
Montage 25 1.0 28.546 5.311 245
Montage 50 1.0 52.928 19.580 326
Montage 50 1.0 53.067 19.582 323
Montage 50 1.0 52.957 19.557 319
Montage 50 1.0 53.098 19.550 321
Montage 50 1.0 53.137 19.581 430
Montage 50 1.0 52.957 19.546 440
Montage 50 1.0 53.037 19.585 384
Montage 50 1.0 52.928 19.552 318
Montage 50 1.0 53.137 19.577 328
Montage 50 1.0 53.077 19.559 334
Montage 100 1.0 103.153 102.123 514
Montage 100 1.0 103.245 102.076 564
Montage 100 1.0 103.243 102.102 535
Montage 100 1.0 103.265 102.097 547
Montage 100 1.0 103.207 102.122 560
Montage 100 1.0 103.288 102.057 516
Montage 100 1.0 103.280 102.013 551
Montage 100 1.0 103.157 102.077 533
Montage 100 1.0 103.323 102.130 534
Montage 100 1.0 103.217 102.106 553
CyberShake 30 1.0 156.127 8.004 264
CyberShake 30 1.0 156.127 8.028 295
CyberShake 30 1.0 156.127 8.040 264
CyberShake 30 1.0 156.127 8.026 312
CyberShake 30 1.0 156.127 8.018 289
CyberShake 30 1.0 156.127 7.997 250
CyberShake 30 1.0 156.127 8.019 272
CyberShake 30 1.0 156.127 8.007 301
CyberShake 30 1.0 156.127 8.031 270
CyberShake 30 1.0 156.127 8.005 262
CyberShake 50 1.0 179.938 22.413 343
CyberShake 50 1.0 179.953 22.432 332
CyberShake 50 1.0 179.938 22.446 340
CyberShake 50 1.0 181.597 22.401 331
CyberShake 50 1.0 180.871 22.451 335
CyberShake 50 1.0 181.408 22.453 330
CyberShake 50 1.0 180.871 22.417 339
CyberShake 50 1.0 179.938 22.429 336
CyberShake 50 1.0 180.053 22.440 334
CyberShake 50 1.0 179.938 22.408 336
CyberShake 100 1.0 239.564 138.469 683
CyberShake 100 1.0 239.463 138.528 631
CyberShake 100 1.0 239.342 138.628 595
CyberShake 100 1.0 239.187 138.559 591
CyberShake 100 1.0 239.413 138.542 589
CyberShake 100 1.0 239.213 138.491 600
CyberShake 100 1.0 239.386 138.494 693
CyberShake 100 1.0 239.230 138.488 682
CyberShake 100 1.0 239.227 138.492 589
CyberShake 100 1.0 239.173 138.617 590
Epigenomics 24 1.0 2320.908 4.320 204
Epigenomics 24 1.0 2320.908 4.349 250
Epigenomics 24 1.0 2320.908 4.320 203
Epigenomics 24 1.0 2320.908 4.348 162
Epigenomics 24 1.0 2320.908 4.321 207
Epigenomics 24 1.0 2320.908 4.315 256
Epigenomics 24 1.0 2320.908 4.314 250
Epigenomics 24 1.0 2320.908 4.312 239
Epigenomics 24 1.0 2320.908 4.333 219
Epigenomics 24 1.0 2320.908 4.354 200
Epigenomics 47 1.0 4313.610 13.208 260
Epigenomics 47 1.0 4313.610 13.216 265
Epigenomics 47 1.0 4313.610 13.227 263
Epigenomics 47 1.0 4313.610 13.223 251
Epigenomics 47 1.0 4313.610 13.238 256
Epigenomics 47 1.0 4313.610 13.207 252
Epigenomics 47 1.0 4313.610 13.223 259
Epigenomics 47 1.0 4313.610 13.202 252
Epigenomics 47 1.0 4313.610 13.225 258
Epigenomics 47 1.0 4313.610 13.223 266
Epigenomics 100 1.0 35281.581 54.819 278
Epigenomics 100 1.0 35273.252 54.949 281
Epigenomics 100 1.0 35283.041 54.964 284
Epigenomics 100 1.0 35252.681 54.806 279
Epigenomics 100 1.0 35235.598 54.946 288
Epigenomics 100 1.0 35258.818 54.957 283
Epigenomics 100 1.0 35268.275 54.914 328
Epigenomics 100 1.0 35273.580 54.863 346
Epigenomics 100 1.0 35275.833 54.924 333
Epigenomics 100 1.0 35226.438 54.885 333
Ligo 30 1.0 657.356 6.481 229
Ligo 30 1.0 657.356 6.473 282
Ligo 30 1.0 657.356 6.490 267
Ligo 30 1.0 657.324 6.475 263
Ligo 30 1.0 657.324 6.489 235
Ligo 30 1.0 657.330 6.485 224
Ligo 30 1.0 657.356 6.479 215
Ligo 30 1.0 658.233 6.465 237
Ligo 30 1.0 657.356 6.467 244
Ligo 30 1.0 657.356 6.470 223
Ligo 50 1.0 991.689 14.720 262
Ligo 50 1.0 991.793 14.714 258
Ligo 50 1.0 991.855 14.742 263
Ligo 50 1.0 991.875 14.696 253
Ligo 50 1.0 993.453 14.732 262
Ligo 50 1.0 994.176 14.695 258
Ligo 50 1.0 995.709 14.698 256
Ligo 50 1.0 996.140 14.735 258
Ligo 50 1.0 993.242 14.747 259
Ligo 50 1.0 991.093 14.688 256
Ligo 100 1.0 1757.997 32.573 187
Ligo 100 1.0 1757.980 32.462 186
Ligo 100 1.0 1756.608 32.571 185
Ligo 100 1.0 1756.140 32.571 186
Ligo 100 1.0 1761.593 32.488 186
Ligo 100 1.0 1761.037 32.505 184
Ligo 100 1.0 1758.389 32.591 186
Ligo 100 1.0 1757.810 32.573 185
Ligo 100 1.0 1756.483 32.502 183
Ligo 100 1.0 1760.103 32.592 184
gaussian 9 1.0 8.542 1.383 125
gaussian 9 1.0 8.542 1.369 127
gaussian 9 1.0 8.542 1.365 450
gaussian 9 1.0 8.542 1.380 313
gaussian 9 1.0 8.542 1.368 93
gaussian 9 1.0 8.542 1.384 125
gaussian 9 1.0 8.542 1.363 170
gaussian 9 1.0 8.542 1.366 255
gaussian 9 1.0 8.542 1.379 87
gaussian 9 1.0 8.542 1.363 107
gaussian 209 1.0 76.415 180.876 248
gaussian 209 1.0 76.542 180.826 245
gaussian 209 1.0 76.258 181.020 243
gaussian 209 1.0 76.579 181.210 243
gaussian 209 1.0 76.866 181.139 242
gaussian 209 1.0 76.943 180.915 236
gaussian 209 1.0 76.870 181.092 240
gaussian 209 1.0 76.618 181.345 237
gaussian 209 1.0 76.492 180.711 239
gaussian 209 1.0 76.593 180.722 239
gaussian 324 1.0 118.919 419.825 205
gaussian 324 1.0 118.753 419.460 207
gaussian 324 1.0 119.276 419.362 211
gaussian 324 1.0 119.195 420.085 207
gaussian 324 1.0 119.277 420.992 207
gaussian 324 1.0 119.607 420.350 211
gaussian 324 1.0 119.144 420.142 206
gaussian 324 1.0 119.136 420.370 205
gaussian 324 1.0 119.680 420.200 207
gaussian 324 1.0 119.081 419.720 206
fft 40 1.0 16.616 11.618 255
fft 40 1.0 16.672 11.640 281
fft 40 1.0 16.642 11.620 284
fft 40 1.0 16.792 11.645 284
fft 40 1.0 16.687 11.619 282
fft 40 1.0 16.580 11.621 266
fft 40 1.0 16.760 11.645 264
fft 40 1.0 16.740 11.620 258
fft 40 1.0 16.694 11.621 272
fft 40 1.0 16.733 11.627 284
fft 96 1.0 35.191 51.285 323
fft 96 1.0 35.174 51.344 326
fft 96 1.0 35.201 51.278 315
fft 96 1.0 35.189 51.279 334
fft 96 1.0 35.246 51.274 319
fft 96 1.0 35.147 51.316 323
fft 96 1.0 35.174 51.315 330
fft 96 1.0 35.177 51.334 313
fft 96 1.0 35.140 51.309 314
fft 96 1.0 35.213 51.341 330
fft 224 1.0 71.947 255.611 286
fft 224 1.0 72.027 255.841 285
fft 224 1.0 71.950 255.633 286
fft 224 1.0 71.936 255.534 286
fft 224 1.0 71.951 255.437 288
fft 224 1.0 71.928 255.977 290
fft 224 1.0 71.929 256.056 286
fft 224 1.0 72.011 255.621 292
fft 224 1.0 71.966 255.879 281
fft 224 1.0 71.923 255.860 293
