Montage 25 1.0 28.546 5.286 217
Montage 25 1.0 28.546 5.277 272
Montage 25 1.0 28.504 5.288 194
Montage 25 1.0 28.546 5.296 215
Montage 25 1.0 28.504 5.281 211
Montage 25 1.0 28.546 5.279 200
Montage 25 1.0 28.546 5.295 200
Montage 25 1.0 28.606 5.279 208
Montage 25 1.0 28.546 5.293 248
Montage 25 1.0 28.546 5.304 196
Montage 50 1.0 53.138 19.586 318
Montage 50 1.0 53.127 19.560 308
Montage 50 1.0 52.977 19.559 313
Montage 50 1.0 53.072 19.587 321
Montage 50 1.0 52.988 19.566 405
Montage 50 1.0 53.058 19.580 456
Montage 50 1.0 53.248 19.572 434
Montage 50 1.0 53.067 19.546 315
Montage 50 1.0 52.977 19.578 316
Montage 50 1.0 53.007 19.586 322
Montage 100 1.0 103.219 101.998 524
Montage 100 1.0 103.286 102.140 543
Montage 100 1.0 103.256 102.078 510
Montage 100 1.0 103.273 102.000 543
Montage 100 1.0 103.194 102.118 504
Montage 100 1.0 103.237 102.133 531
Montage 100 1.0 103.273 102.041 546
Montage 100 1.0 103.308 102.107 521
Montage 100 1.0 102.968 102.108 573
Montage 100 1.0 103.242 102.153 508
CyberShake 30 1.0 156.127 8.016 325
CyberShake 30 1.0 156.127 8.001 306
CyberShake 30 1.0 156.127 8.011 266
CyberShake 30 1.0 156.127 7.998 311
CyberShake 30 1.0 156.127 8.012 260
CyberShake 30 1.0 156.127 7.999 296
CyberShake 30 1.0 156.127 8.010 278
CyberShake 30 1.0 156.127 8.008 273
CyberShake 30 1.0 156.127 8.002 261
CyberShake 30 1.0 156.127 8.001 308
CyberShake 50 1.0 179.938 22.433 322
CyberShake 50 1.0 179.673 22.402 327
CyberShake 50 1.0 179.938 22.402 330
CyberShake 50 1.0 179.938 22.445 327
CyberShake 50 1.0 179.938 22.413 323
CyberShake 50 1.0 179.938 22.438 337
CyberShake 50 1.0 179.938 22.426 322
CyberShake 50 1.0 179.938 22.413 327
CyberShake 50 1.0 179.938 22.443 331
CyberShake 50 1.0 179.943 22.460 328
CyberShake 100 1.0 239.550 138.576 580
CyberShake 100 1.0 239.167 138.586 615
CyberShake 100 1.0 238.999 138.615 658
CyberShake 100 1.0 239.194 138.646 620
CyberShake 100 1.0 239.743 138.641 575
CyberShake 100 1.0 239.773 138.627 579
CyberShake 100 1.0 239.270 138.557 573
CyberShake 100 1.0 239.177 138.643 577
CyberShake 100 1.0 239.290 138.571 655
CyberShake 100 1.0 239.050 138.559 660
Epigenomics 24 1.0 2320.908 4.325 217
Epigenomics 24 1.0 2320.908 4.328 203
Epigenomics 24 1.0 2320.908 4.330 228
Epigenomics 24 1.0 2320.908 4.312 186
Epigenomics 24 1.0 2320.908 4.335 203
Epigenomics 24 1.0 2320.908 4.333 196
Epigenomics 24 1.0 2320.908 4.324 192
Epigenomics 24 1.0 2320.908 4.317 201
Epigenomics 24 1.0 2320.908 4.312 246
Epigenomics 24 1.0 2320.908 4.329 197
Epigenomics 47 1.0 4313.610 13.216 267
Epigenomics 47 1.0 4313.610 13.218 253
Epigenomics 47 1.0 4313.610 13.218 251
Epigenomics 47 1.0 4313.610 13.199 259
Epigenomics 47 1.0 4313.610 13.212 252
Epigenomics 47 1.0 4313.610 13.203 297
Epigenomics 47 1.0 4313.610 13.207 342
Epigenomics 47 1.0 4313.610 13.192 333
Epigenomics 47 1.0 4313.610 13.208 329
Epigenomics 47 1.0 4313.610 13.194 328
Epigenomics 100 1.0 35221.008 54.843 270
Epigenomics 100 1.0 35217.664 54.834 280
Epigenomics 100 1.0 35235.410 54.943 281
Epigenomics 100 1.0 35273.608 54.929 272
Epigenomics 100 1.0 35222.918 54.930 273
Epigenomics 100 1.0 35295.983 54.852 274
Epigenomics 100 1.0 35281.675 54.824 279
Epigenomics 100 1.0 35273.403 54.900 278
Epigenomics 100 1.0 35247.132 54.845 275
Epigenomics 100 1.0 35242.976 54.912 305
Ligo 30 1.0 658.233 6.498 240
Ligo 30 1.0 659.845 6.467 294
Ligo 30 1.0 658.233 6.472 209
Ligo 30 1.0 657.356 6.497 220
Ligo 30 1.0 657.356 6.475 256
Ligo 30 1.0 658.233 6.480 246
Ligo 30 1.0 657.356 6.467 240
Ligo 30 1.0 657.356 6.492 243
Ligo 30 1.0 657.356 6.483 227
Ligo 30 1.0 657.356 6.465 219
Ligo 50 1.0 994.922 14.694 370
Ligo 50 1.0 991.975 14.704 363
Ligo 50 1.0 991.627 14.687 359
Ligo 50 1.0 994.203 14.692 379
Ligo 50 1.0 996.856 14.687 357
Ligo 50 1.0 993.716 14.701 342
Ligo 50 1.0 996.865 14.696 348
Ligo 50 1.0 992.367 14.714 365
Ligo 50 1.0 995.985 14.703 370
Ligo 50 1.0 998.947 14.708 368
Ligo 100 1.0 1754.623 32.575 186
Ligo 100 1.0 1753.800 32.506 183
Ligo 100 1.0 1754.683 32.511 185
Ligo 100 1.0 1755.701 32.548 184
Ligo 100 1.0 1755.403 32.595 181
Ligo 100 1.0 1755.755 32.607 186
Ligo 100 1.0 1759.570 32.619 183
Ligo 100 1.0 1756.997 32.578 184
Ligo 100 1.0 1758.526 32.488 178
Ligo 100 1.0 1757.520 32.576 182
gaussian 9 1.0 8.542 1.364 134
gaussian 9 1.0 8.542 1.363 138
gaussian 9 1.0 8.542 1.382 145
gaussian 9 1.0 8.542 1.370 236
gaussian 9 1.0 8.542 1.374 222
gaussian 9 1.0 8.542 1.404 260
gaussian 9 1.0 8.542 1.388 73
gaussian 9 1.0 8.542 1.363 570
gaussian 9 1.0 8.542 1.393 178
gaussian 9 1.0 8.542 1.373 64
gaussian 209 1.0 76.472 181.250 235
gaussian 209 1.0 76.723 180.873 240
gaussian 209 1.0 76.124 181.252 245
gaussian 209 1.0 76.532 180.774 237
gaussian 209 1.0 76.473 181.212 239
gaussian 209 1.0 76.274 181.101 241
gaussian 209 1.0 76.490 180.917 239
gaussian 209 1.0 76.052 181.040 237
gaussian 209 1.0 76.319 181.219 237
gaussian 209 1.0 76.294 181.147 237
gaussian 324 1.0 119.650 419.939 194
gaussian 324 1.0 118.979 420.578 196
gaussian 324 1.0 118.824 419.386 211
gaussian 324 1.0 118.510 420.989 203
gaussian 324 1.0 118.876 419.382 205
gaussian 324 1.0 118.213 420.551 209
gaussian 324 1.0 118.559 419.362 206
gaussian 324 1.0 118.560 419.701 202
gaussian 324 1.0 119.229 420.462 204
gaussian 324 1.0 118.994 420.677 202
fft 40 1.0 16.775 11.638 282
fft 40 1.0 16.731 11.616 276
fft 40 1.0 16.740 11.612 281
fft 40 1.0 16.679 11.630 356
fft 40 1.0 16.636 11.613 373
fft 40 1.0 16.659 11.612 356
fft 40 1.0 16.793 11.612 384
fft 40 1.0 16.750 11.627 324
fft 40 1.0 16.616 11.631 342
fft 40 1.0 16.777 11.626 346
fft 96 1.0 35.182 51.387 308
fft 96 1.0 35.232 51.339 328
fft 96 1.0 35.155 51.370 317
fft 96 1.0 35.175 51.277 316
fft 96 1.0 35.215 51.338 325
fft 96 1.0 35.193 51.345 320
fft 96 1.0 35.183 51.387 313
fft 96 1.0 35.173 51.397 328
fft 96 1.0 35.172 51.357 321
fft 96 1.0 35.142 51.362 317
fft 224 1.0 71.918 255.731 285
fft 224 1.0 71.943 255.944 280
fft 224 1.0 71.990 255.714 286
fft 224 1.0 71.931 255.827 280
fft 224 1.0 71.957 255.993 274
fft 224 1.0 72.001 255.674 287
fft 224 1.0 72.003 255.694 282
fft 224 1.0 71.919 255.845 289
fft 224 1.0 71.923 256.008 276
fft 224 1.0 71.962 256.159 281
