Montage 25 1.0 28.504 5.291 267
Montage 25 1.0 28.504 5.288 264
Montage 25 1.0 28.546 5.285 283
Montage 25 1.0 28.546 5.283 333
Montage 25 1.0 28.504 5.280 276
Montage 25 1.0 28.504 5.294 303
Montage 25 1.0 28.592 5.291 302
Montage 25 1.0 28.504 5.327 208
Montage 25 1.0 28.546 5.290 312
Montage 25 1.0 28.546 5.292 201
Montage 50 1.0 53.148 19.598 362
Montage 50 1.0 53.187 19.598 372
Montage 50 1.0 52.958 19.595 367
Montage 50 1.0 53.058 19.557 405
Montage 50 1.0 52.987 19.562 451
Montage 50 1.0 53.096 19.579 477
Montage 50 1.0 53.048 19.598 402
Montage 50 1.0 52.958 19.575 360
Montage 50 1.0 53.114 19.582 372
Montage 50 1.0 53.067 19.583 362
Montage 100 1.0 103.303 102.107 602
Montage 100 1.0 103.348 102.112 612
Montage 100 1.0 103.276 102.129 620
Montage 100 1.0 103.342 102.109 571
Montage 100 1.0 103.302 102.148 625
Montage 100 1.0 103.282 102.044 610
Montage 100 1.0 103.245 102.081 601
Montage 100 1.0 103.588 102.159 639
Montage 100 1.0 103.546 102.145 570
Montage 100 1.0 103.242 102.111 630
CyberShake 30 1.0 156.127 8.014 308
CyberShake 30 1.0 156.127 8.011 313
CyberShake 30 1.0 156.127 7.998 324
CyberShake 30 1.0 156.127 8.008 321
CyberShake 30 1.0 156.127 8.010 294
CyberShake 30 1.0 156.127 8.014 304
CyberShake 30 1.0 156.127 8.005 297
CyberShake 30 1.0 156.127 7.999 307
CyberShake 30 1.0 156.127 8.024 330
CyberShake 30 1.0 156.127 8.015 294
CyberShake 50 1.0 179.938 22.449 377
CyberShake 50 1.0 179.953 22.413 365
CyberShake 50 1.0 180.053 22.431 370
CyberShake 50 1.0 179.938 22.470 357
CyberShake 50 1.0 181.408 22.409 369
CyberShake 50 1.0 180.871 22.431 357
CyberShake 50 1.0 179.938 22.420 372
CyberShake 50 1.0 182.077 22.410 372
CyberShake 50 1.0 179.938 22.413 385
CyberShake 50 1.0 179.938 22.411 492
CyberShake 100 1.0 239.250 138.613 735
CyberShake 100 1.0 239.463 138.540 763
CyberShake 100 1.0 239.130 138.598 682
CyberShake 100 1.0 239.323 138.490 664
CyberShake 100 1.0 239.477 138.540 671
CyberShake 100 1.0 239.489 138.517 657
CyberShake 100 1.0 239.510 138.541 682
CyberShake 100 1.0 239.540 138.498 768
CyberShake 100 1.0 239.072 138.511 757
CyberShake 100 1.0 239.963 138.546 650
Epigenomics 24 1.0 2320.908 4.322 248
Epigenomics 24 1.0 2320.908 4.314 204
Epigenomics 24 1.0 2320.908 4.322 259
Epigenomics 24 1.0 2320.908 4.319 215
Epigenomics 24 1.0 2320.908 4.311 181
Epigenomics 24 1.0 2320.908 4.322 198
Epigenomics 24 1.0 2320.908 4.350 238
Epigenomics 24 1.0 2320.908 4.339 192
Epigenomics 24 1.0 2320.908 4.334 265
Epigenomics 24 1.0 2320.908 4.312 219
Epigenomics 47 1.0 4313.610 13.191 336
Epigenomics 47 1.0 4313.610 13.198 365
Epigenomics 47 1.0 4313.610 13.206 375
Epigenomics 47 1.0 4318.488 13.190 375
Epigenomics 47 1.0 4313.610 13.191 337
Epigenomics 47 1.0 4313.610 13.207 401
Epigenomics 47 1.0 4313.610 13.189 371
Epigenomics 47 1.0 4313.610 13.217 386
Epigenomics 47 1.0 4313.610 13.224 326
Epigenomics 47 1.0 4313.610 13.196 368
Epigenomics 100 1.0 35262.898 54.821 395
Epigenomics 100 1.0 35247.680 54.933 357
Epigenomics 100 1.0 35224.558 54.809 317
Epigenomics 100 1.0 35243.293 54.815 322
Epigenomics 100 1.0 35240.696 54.945 317
Epigenomics 100 1.0 35273.574 54.900 318
Epigenomics 100 1.0 35256.342 54.874 316
Epigenomics 100 1.0 35242.509 54.815 314
Epigenomics 100 1.0 35282.986 54.823 317
Epigenomics 100 1.0 35272.953 54.813 325
Ligo 30 1.0 657.356 6.468 243
Ligo 30 1.0 658.233 6.477 328
Ligo 30 1.0 658.233 6.468 265
Ligo 30 1.0 659.845 6.486 237
Ligo 30 1.0 657.356 6.471 294
Ligo 30 1.0 657.356 6.477 239
Ligo 30 1.0 657.980 6.465 245
Ligo 30 1.0 658.233 6.497 273
Ligo 30 1.0 657.356 6.493 252
Ligo 30 1.0 658.233 6.485 235
Ligo 50 1.0 996.111 14.696 413
Ligo 50 1.0 998.426 14.738 421
Ligo 50 1.0 996.390 14.706 417
Ligo 50 1.0 992.545 14.724 418
Ligo 50 1.0 994.650 14.699 385
Ligo 50 1.0 997.566 14.689 421
Ligo 50 1.0 997.595 14.688 351
Ligo 50 1.0 992.931 14.712 386
Ligo 50 1.0 993.182 14.693 407
Ligo 50 1.0 991.725 14.696 416
Ligo 100 1.0 1754.803 32.457 262
Ligo 100 1.0 1755.263 32.558 256
Ligo 100 1.0 1757.741 32.550 271
Ligo 100 1.0 1754.750 32.520 259
Ligo 100 1.0 1756.261 32.498 263
Ligo 100 1.0 1756.270 32.507 267
Ligo 100 1.0 1754.627 32.540 221
Ligo 100 1.0 1760.881 32.473 211
Ligo 100 1.0 1756.413 32.506 212
Ligo 100 1.0 1757.817 32.590 212
gaussian 9 1.0 8.542 1.380 135
gaussian 9 1.0 8.542 1.379 143
gaussian 9 1.0 8.542 1.364 432
gaussian 9 1.0 8.542 1.369 200
gaussian 9 1.0 8.542 1.363 114
gaussian 9 1.0 8.542 1.368 343
gaussian 9 1.0 8.542 1.377 88
gaussian 9 1.0 8.542 1.367 94
gaussian 9 1.0 8.542 1.367 463
gaussian 9 1.0 8.542 1.369 211
gaussian 209 1.0 76.237 180.753 284
gaussian 209 1.0 76.491 181.007 281
gaussian 209 1.0 76.836 180.948 279
gaussian 209 1.0 76.270 181.059 287
gaussian 209 1.0 76.569 180.912 278
gaussian 209 1.0 76.845 180.810 271
gaussian 209 1.0 76.673 181.276 274
gaussian 209 1.0 76.244 181.146 286
gaussian 209 1.0 76.178 180.927 279
gaussian 209 1.0 76.561 181.023 289
gaussian 324 1.0 119.110 420.094 243
gaussian 324 1.0 118.849 419.711 245
gaussian 324 1.0 118.815 419.410 237
gaussian 324 1.0 118.883 419.498 244
gaussian 324 1.0 118.191 419.358 246
gaussian 324 1.0 118.858 420.482 239
gaussian 324 1.0 119.429 420.429 243
gaussian 324 1.0 119.062 420.409 241
gaussian 324 1.0 118.605 419.627 240
gaussian 324 1.0 118.864 419.687 247
fft 40 1.0 16.780 11.630 317
fft 40 1.0 16.793 11.618 326
fft 40 1.0 16.753 11.641 291
fft 40 1.0 16.762 11.648 306
fft 40 1.0 16.763 11.624 316
fft 40 1.0 16.718 11.619 306
fft 40 1.0 16.616 11.646 301
fft 40 1.0 16.864 11.628 307
fft 40 1.0 16.616 11.657 297
fft 40 1.0 16.780 11.630 309
fft 96 1.0 35.232 51.300 413
fft 96 1.0 35.201 51.315 432
fft 96 1.0 35.210 51.365 425
fft 96 1.0 35.162 51.302 424
fft 96 1.0 35.234 51.407 347
fft 96 1.0 35.127 51.373 339
fft 96 1.0 35.225 51.339 342
fft 96 1.0 35.182 51.375 341
fft 96 1.0 35.167 51.290 336
fft 96 1.0 35.146 51.289 336
fft 224 1.0 71.941 255.463 325
fft 224 1.0 71.913 255.423 345
fft 224 1.0 71.940 255.792 322
fft 224 1.0 71.961 255.789 332
fft 224 1.0 71.928 255.794 329
fft 224 1.0 71.935 255.782 329
fft 224 1.0 71.997 255.925 335
fft 224 1.0 71.920 255.561 329
fft 224 1.0 72.002 255.591 332
fft 224 1.0 71.974 255.609 335
