Montage 25 1.0 28.546 5.339 185
Montage 25 1.0 28.546 5.294 184
Montage 25 1.0 28.546 5.286 180
Montage 25 1.0 28.546 5.280 181
Montage 25 1.0 28.504 5.279 408
Montage 25 1.0 28.504 5.279 428
Montage 25 1.0 28.504 5.276 429
Montage 25 1.0 28.504 5.279 425
Montage 25 1.0 28.546 5.278 196
Montage 25 1.0 28.546 5.292 181
Montage 50 1.0 52.958 19.615 239
Montage 50 1.0 52.978 19.592 231
Montage 50 1.0 53.017 19.559 240
Montage 50 1.0 52.988 19.574 238
Montage 50 1.0 52.957 19.562 302
Montage 50 1.0 52.967 19.549 309
Montage 50 1.0 52.927 19.592 320
Montage 50 1.0 53.068 19.562 236
Montage 50 1.0 53.067 19.559 235
Montage 50 1.0 52.928 19.591 235
Montage 100 1.0 103.268 102.050 432
Montage 100 1.0 102.992 102.079 424
Montage 100 1.0 103.326 102.195 398
Montage 100 1.0 103.177 102.215 375
Montage 100 1.0 103.273 102.024 370
Montage 100 1.0 103.279 102.001 375
Montage 100 1.0 103.294 102.150 375
Montage 100 1.0 103.218 102.018 372
Montage 100 1.0 103.294 102.150 395
Montage 100 1.0 103.279 102.077 425
CyberShake 30 1.0 156.127 8.024 273
CyberShake 30 1.0 156.127 8.000 262
CyberShake 30 1.0 156.127 8.018 315
CyberShake 30 1.0 156.127 8.009 256
CyberShake 30 1.0 156.127 8.023 218
CyberShake 30 1.0 156.127 8.025 241
CyberShake 30 1.0 156.127 8.011 224
CyberShake 30 1.0 156.127 8.003 252
CyberShake 30 1.0 156.127 8.020 268
CyberShake 30 1.0 156.127 8.009 276
CyberShake 50 1.0 179.938 22.449 345
CyberShake 50 1.0 180.120 22.441 335
CyberShake 50 1.0 179.938 22.421 352
CyberShake 50 1.0 179.938 22.418 278
CyberShake 50 1.0 179.938 22.445 243
CyberShake 50 1.0 179.938 22.411 240
CyberShake 50 1.0 181.408 22.412 241
CyberShake 50 1.0 179.673 22.407 242
CyberShake 50 1.0 179.938 22.404 242
CyberShake 50 1.0 179.938 22.436 242
CyberShake 100 1.0 239.560 138.579 475
CyberShake 100 1.0 239.220 138.477 463
CyberShake 100 1.0 239.077 138.573 424
CyberShake 100 1.0 239.170 138.698 428
CyberShake 100 1.0 239.714 138.463 426
CyberShake 100 1.0 239.177 138.536 426
CyberShake 100 1.0 239.054 138.562 464
CyberShake 100 1.0 239.150 138.638 475
CyberShake 100 1.0 239.173 138.570 435
CyberShake 100 1.0 239.314 138.543 426
Epigenomics 24 1.0 2320.908 4.340 175
Epigenomics 24 1.0 2320.908 4.332 174
Epigenomics 24 1.0 2320.908 4.324 175
Epigenomics 24 1.0 2320.908 4.316 163
Epigenomics 24 1.0 2320.908 4.312 151
Epigenomics 24 1.0 2320.908 4.333 171
Epigenomics 24 1.0 2320.908 4.327 170
Epigenomics 24 1.0 2320.908 4.357 152
Epigenomics 24 1.0 2320.908 4.334 157
Epigenomics 24 1.0 2320.908 4.319 172
Epigenomics 47 1.0 4313.610 13.206 191
Epigenomics 47 1.0 4313.610 13.192 191
Epigenomics 47 1.0 4313.610 13.226 195
Epigenomics 47 1.0 4313.610 13.228 193
Epigenomics 47 1.0 4313.610 13.246 190
Epigenomics 47 1.0 4313.610 13.226 189
Epigenomics 47 1.0 4313.610 13.213 190
Epigenomics 47 1.0 4313.610 13.214 191
Epigenomics 47 1.0 4313.610 13.233 196
Epigenomics 47 1.0 4313.610 13.221 188
Epigenomics 100 1.0 35273.252 55.009 208
Epigenomics 100 1.0 35255.794 54.912 209
Epigenomics 100 1.0 35291.172 55.041 206
Epigenomics 100 1.0 35245.006 54.932 205
Epigenomics 100 1.0 35236.044 54.819 205
Epigenomics 100 1.0 35259.228 54.796 206
Epigenomics 100 1.0 35230.970 54.920 205
Epigenomics 100 1.0 35284.808 54.893 207
Epigenomics 100 1.0 35262.487 54.830 206
Epigenomics 100 1.0 35246.915 54.974 208
Ligo 30 1.0 657.356 6.495 172
Ligo 30 1.0 658.233 6.471 199
Ligo 30 1.0 657.356 6.479 186
Ligo 30 1.0 657.356 6.483 180
Ligo 30 1.0 657.356 6.469 190
Ligo 30 1.0 658.233 6.475 192
Ligo 30 1.0 658.233 6.481 182
Ligo 30 1.0 657.356 6.473 178
Ligo 30 1.0 657.356 6.477 173
Ligo 30 1.0 657.324 6.470 181
Ligo 50 1.0 994.435 14.688 192
Ligo 50 1.0 996.865 14.737 192
Ligo 50 1.0 996.367 14.733 194
Ligo 50 1.0 996.043 14.707 190
Ligo 50 1.0 994.314 14.728 192
Ligo 50 1.0 992.891 14.685 209
Ligo 50 1.0 993.583 14.689 272
Ligo 50 1.0 993.938 14.694 259
Ligo 50 1.0 991.701 14.730 282
Ligo 50 1.0 995.194 14.686 248
Ligo 100 1.0 1759.022 32.504 161
Ligo 100 1.0 1763.882 32.576 138
Ligo 100 1.0 1764.701 32.583 136
Ligo 100 1.0 1759.684 32.592 136
Ligo 100 1.0 1764.335 32.516 137
Ligo 100 1.0 1758.730 32.575 137
Ligo 100 1.0 1759.030 32.589 137
Ligo 100 1.0 1758.291 32.662 137
Ligo 100 1.0 1761.233 32.604 136
Ligo 100 1.0 1755.987 32.463 136
gaussian 9 1.0 8.542 1.364 286
gaussian 9 1.0 8.542 1.367 283
gaussian 9 1.0 8.542 1.368 340
gaussian 9 1.0 8.542 1.364 240
gaussian 9 1.0 8.542 1.373 157
gaussian 9 1.0 8.542 1.385 182
gaussian 9 1.0 8.542 1.384 292
gaussian 9 1.0 8.542 1.365 235
gaussian 9 1.0 8.542 1.372 160
gaussian 9 1.0 8.542 1.381 63
gaussian 209 1.0 77.108 181.155 162
gaussian 209 1.0 76.879 180.871 166
gaussian 209 1.0 76.977 181.100 165
gaussian 209 1.0 77.070 180.750 160
gaussian 209 1.0 76.922 181.371 159
gaussian 209 1.0 76.604 180.935 161
gaussian 209 1.0 77.239 180.940 160
gaussian 209 1.0 76.802 181.450 163
gaussian 209 1.0 76.706 181.481 166
gaussian 209 1.0 77.055 180.907 164
gaussian 324 1.0 119.129 420.129 138
gaussian 324 1.0 119.514 420.101 139
gaussian 324 1.0 119.773 419.928 138
gaussian 324 1.0 119.479 420.424 139
gaussian 324 1.0 119.864 421.680 139
gaussian 324 1.0 119.718 421.494 140
gaussian 324 1.0 119.382 420.796 138
gaussian 324 1.0 119.599 420.072 139
gaussian 324 1.0 119.684 419.687 139
gaussian 324 1.0 119.558 420.537 139
fft 40 1.0 16.618 11.611 295
fft 40 1.0 16.750 11.627 283
fft 40 1.0 16.643 11.619 285
fft 40 1.0 16.642 11.635 299
fft 40 1.0 16.549 11.622 275
fft 40 1.0 16.780 11.622 263
fft 40 1.0 16.660 11.642 276
fft 40 1.0 16.633 11.634 277
fft 40 1.0 16.482 11.656 277
fft 40 1.0 16.515 11.637 250
fft 96 1.0 35.142 51.445 220
fft 96 1.0 35.133 51.308 243
fft 96 1.0 35.069 51.311 223
fft 96 1.0 35.124 51.378 241
fft 96 1.0 35.216 51.409 221
fft 96 1.0 35.111 51.375 239
fft 96 1.0 35.186 51.313 228
fft 96 1.0 35.191 51.337 235
fft 96 1.0 35.160 51.400 232
fft 96 1.0 35.195 51.336 227
fft 224 1.0 71.936 255.559 195
fft 224 1.0 71.933 255.670 196
fft 224 1.0 71.970 255.653 193
fft 224 1.0 71.961 255.631 195
fft 224 1.0 71.928 255.603 195
fft 224 1.0 71.937 255.642 195
fft 224 1.0 72.019 255.619 194
fft 224 1.0 72.027 255.572 195
fft 224 1.0 71.929 256.369 199
fft 224 1.0 71.932 256.143 196
