Montage 25 1.0 28.546 5.275 221
Montage 25 1.0 28.546 5.296 191
Montage 25 1.0 28.587 5.303 194
Montage 25 1.0 28.546 5.290 193
Montage 25 1.0 28.546 5.306 206
Montage 25 1.0 28.504 5.277 200
Montage 25 1.0 28.504 5.287 214
Montage 25 1.0 28.592 5.287 192
Montage 25 1.0 28.546 5.278 221
Montage 25 1.0 28.546 5.304 179
Montage 50 1.0 52.987 19.566 242
Montage 50 1.0 52.942 19.571 249
Montage 50 1.0 53.067 19.592 246
Montage 50 1.0 53.068 19.579 294
Montage 50 1.0 53.084 19.566 336
Montage 50 1.0 53.121 19.578 348
Montage 50 1.0 53.017 19.577 271
Montage 50 1.0 53.077 19.629 245
Montage 50 1.0 53.067 19.562 250
Montage 50 1.0 53.017 19.566 244
Montage 100 1.0 103.269 102.113 388
Montage 100 1.0 103.603 102.093 383
Montage 100 1.0 103.303 102.175 384
Montage 100 1.0 103.208 102.124 389
Montage 100 1.0 103.266 102.022 380
Montage 100 1.0 103.262 102.172 385
Montage 100 1.0 103.252 102.098 442
Montage 100 1.0 103.322 102.210 429
Montage 100 1.0 103.278 102.198 426
Montage 100 1.0 103.270 102.058 384
CyberShake 30 1.0 156.127 8.013 214
CyberShake 30 1.0 156.127 8.002 224
CyberShake 30 1.0 156.127 7.999 221
CyberShake 30 1.0 156.127 8.020 232
CyberShake 30 1.0 156.127 8.046 229
CyberShake 30 1.0 156.127 8.011 229
CyberShake 30 1.0 156.127 8.027 215
CyberShake 30 1.0 156.127 8.003 223
CyberShake 30 1.0 156.127 7.999 235
CyberShake 30 1.0 156.127 8.014 213
CyberShake 50 1.0 181.408 22.420 250
CyberShake 50 1.0 181.890 22.466 249
CyberShake 50 1.0 181.597 22.436 248
CyberShake 50 1.0 180.771 22.414 247
CyberShake 50 1.0 180.685 22.401 246
CyberShake 50 1.0 180.455 22.453 250
CyberShake 50 1.0 180.621 22.413 249
CyberShake 50 1.0 181.713 22.425 246
CyberShake 50 1.0 179.938 22.458 252
CyberShake 50 1.0 181.597 22.406 251
CyberShake 100 1.0 239.254 138.609 486
CyberShake 100 1.0 239.580 138.697 440
CyberShake 100 1.0 239.247 138.703 442
CyberShake 100 1.0 239.220 138.699 441
CyberShake 100 1.0 239.294 138.536 434
CyberShake 100 1.0 240.582 138.682 460
CyberShake 100 1.0 240.680 138.671 485
CyberShake 100 1.0 239.621 138.522 456
CyberShake 100 1.0 239.180 138.611 441
CyberShake 100 1.0 239.103 138.512 439
Epigenomics 24 1.0 2320.908 4.311 184
Epigenomics 24 1.0 2320.908 4.326 172
Epigenomics 24 1.0 2320.908 4.334 201
Epigenomics 24 1.0 2320.908 4.312 189
Epigenomics 24 1.0 2320.908 4.316 191
Epigenomics 24 1.0 2320.908 4.329 179
Epigenomics 24 1.0 2320.908 4.325 162
Epigenomics 24 1.0 2320.908 4.338 196
Epigenomics 24 1.0 2320.908 4.328 157
Epigenomics 24 1.0 2320.908 4.313 147
Epigenomics 47 1.0 4318.488 13.241 203
Epigenomics 47 1.0 4313.610 13.245 202
Epigenomics 47 1.0 4313.610 13.238 196
Epigenomics 47 1.0 4313.610 13.225 200
Epigenomics 47 1.0 4313.610 13.196 197
Epigenomics 47 1.0 4313.610 13.239 195
Epigenomics 47 1.0 4318.488 13.204 202
Epigenomics 47 1.0 4313.610 13.214 194
Epigenomics 47 1.0 4313.610 13.198 196
Epigenomics 47 1.0 4313.610 13.220 199
Epigenomics 100 1.0 35217.982 54.910 220
Epigenomics 100 1.0 35245.223 54.795 224
Epigenomics 100 1.0 35272.736 54.907 224
Epigenomics 100 1.0 35217.790 54.877 219
Epigenomics 100 1.0 35272.953 54.944 220
Epigenomics 100 1.0 35229.069 54.822 213
Epigenomics 100 1.0 35227.900 54.889 235
Epigenomics 100 1.0 35253.523 54.964 252
Epigenomics 100 1.0 35272.862 54.919 252
Epigenomics 100 1.0 35253.728 54.810 238
Ligo 30 1.0 657.324 6.469 178
Ligo 30 1.0 659.845 6.475 171
Ligo 30 1.0 658.233 6.467 207
Ligo 30 1.0 659.845 6.473 227
Ligo 30 1.0 658.233 6.474 163
Ligo 30 1.0 658.233 6.481 176
Ligo 30 1.0 658.233 6.484 221
Ligo 30 1.0 658.233 6.471 206
Ligo 30 1.0 658.233 6.471 194
Ligo 30 1.0 658.233 6.469 184
Ligo 50 1.0 995.857 14.723 264
Ligo 50 1.0 993.985 14.689 279
Ligo 50 1.0 996.865 14.720 284
Ligo 50 1.0 993.460 14.711 283
Ligo 50 1.0 997.463 14.688 266
Ligo 50 1.0 994.446 14.725 198
Ligo 50 1.0 991.571 14.739 195
Ligo 50 1.0 996.212 14.750 196
Ligo 50 1.0 996.856 14.707 196
Ligo 50 1.0 996.380 14.691 202
Ligo 100 1.0 1755.533 32.629 165
Ligo 100 1.0 1756.256 32.592 162
Ligo 100 1.0 1754.942 32.500 161
Ligo 100 1.0 1755.947 32.586 166
Ligo 100 1.0 1756.535 32.490 163
Ligo 100 1.0 1756.527 32.631 165
Ligo 100 1.0 1755.622 32.526 167
Ligo 100 1.0 1754.833 32.600 168
Ligo 100 1.0 1754.310 32.487 149
Ligo 100 1.0 1757.833 32.539 141
gaussian 9 1.0 8.542 1.378 146
gaussian 9 1.0 8.542 1.365 110
gaussian 9 1.0 8.542 1.409 144
gaussian 9 1.0 8.542 1.363 97
gaussian 9 1.0 8.542 1.363 179
gaussian 9 1.0 8.542 1.367 230
gaussian 9 1.0 8.542 1.381 220
gaussian 9 1.0 8.542 1.365 77
gaussian 9 1.0 8.542 1.365 189
gaussian 9 1.0 8.542 1.367 197
gaussian 209 1.0 76.601 181.449 174
gaussian 209 1.0 76.831 181.047 176
gaussian 209 1.0 76.274 180.754 182
gaussian 209 1.0 76.415 180.744 177
gaussian 209 1.0 76.360 180.829 172
gaussian 209 1.0 76.408 181.087 171
gaussian 209 1.0 76.801 180.982 172
gaussian 209 1.0 76.962 181.256 173
gaussian 209 1.0 76.896 180.990 182
gaussian 209 1.0 76.395 180.719 178
gaussian 324 1.0 118.840 419.628 150
gaussian 324 1.0 118.877 419.381 153
gaussian 324 1.0 118.913 420.531 149
gaussian 324 1.0 118.845 421.027 153
gaussian 324 1.0 118.742 419.491 149
gaussian 324 1.0 118.798 420.335 150
gaussian 324 1.0 119.169 420.477 150
gaussian 324 1.0 119.040 421.382 148
gaussian 324 1.0 119.165 421.165 148
gaussian 324 1.0 118.695 420.078 151
fft 40 1.0 16.775 11.630 275
fft 40 1.0 16.793 11.643 307
fft 40 1.0 16.668 11.627 271
fft 40 1.0 16.596 11.611 289
fft 40 1.0 16.748 11.637 281
fft 40 1.0 16.757 11.631 283
fft 40 1.0 16.694 11.654 277
fft 40 1.0 16.705 11.631 295
fft 40 1.0 16.596 11.633 286
fft 40 1.0 17.025 11.637 263
fft 96 1.0 35.140 51.318 237
fft 96 1.0 35.135 51.390 262
fft 96 1.0 35.211 51.317 235
fft 96 1.0 35.269 51.392 258
fft 96 1.0 35.169 51.457 237
fft 96 1.0 35.167 51.316 249
fft 96 1.0 35.118 51.346 247
fft 96 1.0 35.168 51.362 243
fft 96 1.0 35.156 51.329 247
fft 96 1.0 35.194 51.423 235
fft 224 1.0 71.912 256.474 208
fft 224 1.0 71.930 255.886 206
fft 224 1.0 71.933 255.928 205
fft 224 1.0 71.913 256.009 209
fft 224 1.0 71.910 256.071 210
fft 224 1.0 71.924 255.798 207
fft 224 1.0 71.915 255.686 208
fft 224 1.0 71.910 256.070 206
fft 224 1.0 71.952 256.464 205
fft 224 1.0 71.912 256.197 209
