Montage 25 1.0 28.606 5.279 181
Montage 25 1.0 28.504 5.277 229
Montage 25 1.0 28.546 5.282 207
Montage 25 1.0 28.546 5.290 249
Montage 25 1.0 28.546 5.285 170
Montage 25 1.0 28.546 5.290 183
Montage 25 1.0 28.546 5.282 254
Montage 25 1.0 28.546 5.289 190
Montage 25 1.0 28.546 5.284 198
Montage 25 1.0 28.546 5.281 209
Montage 50 1.0 53.128 19.595 267
Montage 50 1.0 53.127 19.583 265
Montage 50 1.0 52.957 19.600 271
Montage 50 1.0 52.958 19.557 258
Montage 50 1.0 53.008 19.585 277
Montage 50 1.0 53.127 19.578 357
Montage 50 1.0 52.957 19.555 348
Montage 50 1.0 53.127 19.609 332
Montage 50 1.0 52.958 19.596 267
Montage 50 1.0 53.097 19.563 270
Montage 100 1.0 103.098 102.004 426
Montage 100 1.0 103.266 102.080 417
Montage 100 1.0 103.272 102.202 420
Montage 100 1.0 103.288 102.138 419
Montage 100 1.0 103.263 102.063 417
Montage 100 1.0 103.328 102.132 452
Montage 100 1.0 103.221 102.070 467
Montage 100 1.0 103.146 102.043 474
Montage 100 1.0 103.312 102.091 420
Montage 100 1.0 103.292 102.167 422
CyberShake 30 1.0 156.127 8.021 228
CyberShake 30 1.0 156.127 8.023 233
CyberShake 30 1.0 156.127 8.030 239
CyberShake 30 1.0 156.127 8.013 212
CyberShake 30 1.0 156.127 7.999 222
CyberShake 30 1.0 156.127 8.024 233
CyberShake 30 1.0 156.127 8.024 238
CyberShake 30 1.0 156.127 8.036 237
CyberShake 30 1.0 156.127 8.024 248
CyberShake 30 1.0 156.127 8.010 259
CyberShake 50 1.0 180.871 22.410 275
CyberShake 50 1.0 181.890 22.452 275
CyberShake 50 1.0 180.685 22.418 272
CyberShake 50 1.0 181.890 22.459 275
CyberShake 50 1.0 180.871 22.408 265
CyberShake 50 1.0 179.953 22.412 270
CyberShake 50 1.0 179.938 22.438 270
CyberShake 50 1.0 180.053 22.402 271
CyberShake 50 1.0 181.890 22.468 272
CyberShake 50 1.0 179.953 22.464 273
CyberShake 100 1.0 239.280 138.660 483
CyberShake 100 1.0 240.767 138.532 505
CyberShake 100 1.0 239.165 138.586 536
CyberShake 100 1.0 239.740 138.513 499
CyberShake 100 1.0 239.500 138.698 479
CyberShake 100 1.0 239.179 138.632 484
CyberShake 100 1.0 239.504 138.556 484
CyberShake 100 1.0 239.523 138.619 491
CyberShake 100 1.0 239.156 138.480 531
CyberShake 100 1.0 239.183 138.673 529
Epigenomics 24 1.0 2320.908 4.331 169
Epigenomics 24 1.0 2320.908 4.313 211
Epigenomics 24 1.0 2320.908 4.332 188
Epigenomics 24 1.0 2320.908 4.314 176
Epigenomics 24 1.0 2320.908 4.314 145
Epigenomics 24 1.0 2320.908 4.339 233
Epigenomics 24 1.0 2320.908 4.339 177
Epigenomics 24 1.0 2320.908 4.321 201
Epigenomics 24 1.0 2320.908 4.325 195
Epigenomics 24 1.0 2320.908 4.334 239
Epigenomics 47 1.0 4313.610 13.195 286
Epigenomics 47 1.0 4313.610 13.233 271
Epigenomics 47 1.0 4313.610 13.196 299
Epigenomics 47 1.0 4313.610 13.240 272
Epigenomics 47 1.0 4313.610 13.190 306
Epigenomics 47 1.0 4313.610 13.233 286
Epigenomics 47 1.0 4313.610 13.193 273
Epigenomics 47 1.0 4318.488 13.211 298
Epigenomics 47 1.0 4313.610 13.203 274
Epigenomics 47 1.0 4318.488 13.213 305
Epigenomics 100 1.0 35248.165 54.973 239
Epigenomics 100 1.0 35258.818 54.855 256
Epigenomics 100 1.0 35247.360 54.821 279
Epigenomics 100 1.0 35272.953 54.817 280
Epigenomics 100 1.0 35219.265 54.948 281
Epigenomics 100 1.0 35272.827 54.965 278
Epigenomics 100 1.0 35217.790 54.959 277
Epigenomics 100 1.0 35272.661 54.911 237
Epigenomics 100 1.0 35272.862 54.897 232
Epigenomics 100 1.0 35242.858 54.810 234
Ligo 30 1.0 659.796 6.467 190
Ligo 30 1.0 657.356 6.484 165
Ligo 30 1.0 658.233 6.478 191
Ligo 30 1.0 659.845 6.478 199
Ligo 30 1.0 657.356 6.487 197
Ligo 30 1.0 657.356 6.501 209
Ligo 30 1.0 657.356 6.521 190
Ligo 30 1.0 657.356 6.484 194
Ligo 30 1.0 657.356 6.493 189
Ligo 30 1.0 659.796 6.470 197
Ligo 50 1.0 995.721 14.728 214
Ligo 50 1.0 990.096 14.693 217
Ligo 50 1.0 992.511 14.734 214
Ligo 50 1.0 997.093 14.731 215
Ligo 50 1.0 994.545 14.712 208
Ligo 50 1.0 993.576 14.694 210
Ligo 50 1.0 996.140 14.734 220
Ligo 50 1.0 993.893 14.734 215
Ligo 50 1.0 996.051 14.722 205
Ligo 50 1.0 996.856 14.715 212
Ligo 100 1.0 1754.153 32.504 155
Ligo 100 1.0 1757.197 32.456 152
Ligo 100 1.0 1758.054 32.652 153
Ligo 100 1.0 1755.110 32.624 155
Ligo 100 1.0 1755.410 32.512 161
Ligo 100 1.0 1757.375 32.457 184
Ligo 100 1.0 1755.900 32.480 184
Ligo 100 1.0 1756.667 32.477 179
Ligo 100 1.0 1758.063 32.580 181
Ligo 100 1.0 1757.297 32.619 183
gaussian 9 1.0 8.542 1.380 69
gaussian 9 1.0 8.542 1.367 100
gaussian 9 1.0 8.542 1.386 271
gaussian 9 1.0 8.542 1.382 248
gaussian 9 1.0 8.542 1.365 109
gaussian 9 1.0 8.542 1.384 345
gaussian 9 1.0 8.542 1.373 98
gaussian 9 1.0 8.542 1.364 492
gaussian 9 1.0 8.542 1.366 136
gaussian 9 1.0 8.542 1.381 327
gaussian 209 1.0 76.183 180.907 201
gaussian 209 1.0 76.445 180.862 198
gaussian 209 1.0 76.358 181.421 192
gaussian 209 1.0 76.130 181.380 191
gaussian 209 1.0 76.851 181.132 190
gaussian 209 1.0 76.292 180.858 192
gaussian 209 1.0 76.798 181.382 192
gaussian 209 1.0 76.554 181.215 197
gaussian 209 1.0 76.760 181.287 199
gaussian 209 1.0 76.612 181.143 192
gaussian 324 1.0 118.620 420.452 162
gaussian 324 1.0 119.171 420.359 165
gaussian 324 1.0 118.931 420.060 166
gaussian 324 1.0 119.402 420.841 160
gaussian 324 1.0 118.773 420.212 167
gaussian 324 1.0 118.875 419.346 165
gaussian 324 1.0 119.327 420.132 161
gaussian 324 1.0 118.794 421.459 162
gaussian 324 1.0 118.961 420.772 167
gaussian 324 1.0 118.886 421.102 166
fft 40 1.0 16.750 11.639 238
fft 40 1.0 16.750 11.631 234
fft 40 1.0 16.659 11.619 228
fft 40 1.0 16.775 11.644 239
fft 40 1.0 16.560 11.630 239
fft 40 1.0 16.616 11.616 231
fft 40 1.0 16.877 11.645 232
fft 40 1.0 16.804 11.636 232
fft 40 1.0 16.750 11.644 222
fft 40 1.0 16.780 11.645 223
fft 96 1.0 35.178 51.337 273
fft 96 1.0 35.151 51.267 270
fft 96 1.0 35.225 51.299 256
fft 96 1.0 35.183 51.324 273
fft 96 1.0 35.185 51.408 255
fft 96 1.0 35.194 51.386 279
fft 96 1.0 35.140 51.347 254
fft 96 1.0 35.162 51.385 277
fft 96 1.0 35.218 51.405 261
fft 96 1.0 35.102 51.397 274
fft 224 1.0 71.920 256.341 233
fft 224 1.0 71.926 256.327 228
fft 224 1.0 71.926 255.478 231
fft 224 1.0 71.971 256.244 228
fft 224 1.0 71.939 256.373 227
fft 224 1.0 71.916 255.710 225
fft 224 1.0 71.974 255.594 232
fft 224 1.0 71.930 256.350 227
fft 224 1.0 71.925 255.755 230
fft 224 1.0 71.924 256.289 228
