Montage 25 1.0 28.504 5.300 170
Montage 25 1.0 28.546 5.294 175
Montage 25 1.0 28.546 5.279 180
Montage 25 1.0 28.546 5.298 184
Montage 25 1.0 28.504 5.281 172
Montage 25 1.0 28.587 5.283 186
Montage 25 1.0 28.546 5.302 175
Montage 25 1.0 28.546 5.287 185
Montage 25 1.0 28.504 5.280 194
Montage 25 1.0 28.546 5.286 213
Montage 50 1.0 53.097 19.577 246
Montage 50 1.0 52.927 19.612 247
Montage 50 1.0 53.007 19.571 242
Montage 50 1.0 52.927 19.604 239
Montage 50 1.0 53.037 19.554 306
Montage 50 1.0 53.138 19.577 343
Montage 50 1.0 52.928 19.546 333
Montage 50 1.0 53.047 19.570 253
Montage 50 1.0 53.017 19.617 250
Montage 50 1.0 53.138 19.602 237
Montage 100 1.0 103.255 102.113 381
Montage 100 1.0 103.197 102.000 418
Montage 100 1.0 103.244 102.098 435
Montage 100 1.0 103.278 102.168 421
Montage 100 1.0 103.261 102.227 388
Montage 100 1.0 103.222 102.070 376
Montage 100 1.0 102.937 102.021 392
Montage 100 1.0 103.270 102.161 376
Montage 100 1.0 103.623 102.032 364
Montage 100 1.0 103.297 102.135 384
CyberShake 30 1.0 156.127 7.997 294
CyberShake 30 1.0 156.127 8.014 315
CyberShake 30 1.0 156.127 7.999 309
CyberShake 30 1.0 156.127 8.020 279
CyberShake 30 1.0 156.127 8.026 286
CyberShake 30 1.0 156.127 8.000 282
CyberShake 30 1.0 156.127 8.015 307
CyberShake 30 1.0 156.127 8.025 287
CyberShake 30 1.0 156.127 8.027 300
CyberShake 30 1.0 156.127 8.010 263
CyberShake 50 1.0 179.953 22.422 264
CyberShake 50 1.0 180.685 22.413 330
CyberShake 50 1.0 179.673 22.407 344
CyberShake 50 1.0 179.938 22.448 339
CyberShake 50 1.0 181.645 22.439 356
CyberShake 50 1.0 179.938 22.438 329
CyberShake 50 1.0 179.938 22.428 308
CyberShake 50 1.0 179.938 22.440 330
CyberShake 50 1.0 179.938 22.432 351
CyberShake 50 1.0 180.871 22.403 345
CyberShake 100 1.0 239.050 138.641 436
CyberShake 100 1.0 239.333 138.628 433
CyberShake 100 1.0 240.620 138.514 426
CyberShake 100 1.0 238.980 138.703 461
CyberShake 100 1.0 239.163 138.677 476
CyberShake 100 1.0 239.081 138.728 442
CyberShake 100 1.0 238.957 138.707 431
CyberShake 100 1.0 239.119 138.646 436
CyberShake 100 1.0 239.501 138.691 432
CyberShake 100 1.0 239.105 138.495 445
Epigenomics 24 1.0 2320.908 4.316 195
Epigenomics 24 1.0 2320.908 4.324 202
Epigenomics 24 1.0 2320.908 4.314 173
Epigenomics 24 1.0 2320.908 4.337 165
Epigenomics 24 1.0 2320.908 4.317 189
Epigenomics 24 1.0 2320.908 4.311 147
Epigenomics 24 1.0 2320.908 4.312 191
Epigenomics 24 1.0 2320.908 4.313 209
Epigenomics 24 1.0 2320.908 4.313 180
Epigenomics 24 1.0 2320.908 4.323 190
Epigenomics 47 1.0 4313.610 13.231 197
Epigenomics 47 1.0 4313.610 13.233 188
Epigenomics 47 1.0 4313.610 13.240 196
Epigenomics 47 1.0 4313.610 13.221 193
Epigenomics 47 1.0 4313.610 13.205 197
Epigenomics 47 1.0 4313.610 13.215 190
Epigenomics 47 1.0 4318.488 13.211 187
Epigenomics 47 1.0 4313.610 13.198 192
Epigenomics 47 1.0 4313.610 13.221 193
Epigenomics 47 1.0 4313.610 13.212 196
Epigenomics 100 1.0 35275.115 55.021 215
Epigenomics 100 1.0 35272.953 54.901 211
Epigenomics 100 1.0 35311.523 54.840 209
Epigenomics 100 1.0 35284.372 54.931 205
Epigenomics 100 1.0 35243.358 54.899 233
Epigenomics 100 1.0 35253.605 54.799 237
Epigenomics 100 1.0 35218.180 54.935 239
Epigenomics 100 1.0 35273.318 54.807 242
Epigenomics 100 1.0 35253.683 54.886 244
Epigenomics 100 1.0 35310.598 54.900 228
Ligo 30 1.0 658.233 6.487 180
Ligo 30 1.0 657.356 6.510 184
Ligo 30 1.0 657.356 6.469 180
Ligo 30 1.0 657.356 6.478 186
Ligo 30 1.0 658.233 6.468 187
Ligo 30 1.0 657.356 6.499 179
Ligo 30 1.0 658.233 6.482 185
Ligo 30 1.0 655.465 6.485 176
Ligo 30 1.0 657.356 6.469 182
Ligo 30 1.0 657.356 6.469 212
Ligo 50 1.0 993.885 14.737 191
Ligo 50 1.0 993.514 14.700 193
Ligo 50 1.0 990.690 14.698 198
Ligo 50 1.0 994.546 14.709 190
Ligo 50 1.0 994.754 14.714 196
Ligo 50 1.0 994.531 14.703 192
Ligo 50 1.0 991.550 14.715 195
Ligo 50 1.0 995.031 14.751 193
Ligo 50 1.0 994.298 14.749 191
Ligo 50 1.0 991.738 14.684 195
Ligo 100 1.0 1755.531 32.534 140
Ligo 100 1.0 1758.655 32.567 138
Ligo 100 1.0 1760.720 32.538 156
Ligo 100 1.0 1758.130 32.580 162
Ligo 100 1.0 1756.067 32.595 163
Ligo 100 1.0 1755.760 32.489 163
Ligo 100 1.0 1755.152 32.602 161
Ligo 100 1.0 1762.502 32.495 160
Ligo 100 1.0 1753.927 32.482 158
Ligo 100 1.0 1756.050 32.622 167
gaussian 9 1.0 8.542 1.390 245
gaussian 9 1.0 8.542 1.367 234
gaussian 9 1.0 8.542 1.374 94
gaussian 9 1.0 8.542 1.378 102
gaussian 9 1.0 8.542 1.365 62
gaussian 9 1.0 8.542 1.371 116
gaussian 9 1.0 8.542 1.372 54
gaussian 9 1.0 8.542 1.365 163
gaussian 9 1.0 8.542 1.366 334
gaussian 9 1.0 8.542 1.364 152
gaussian 209 1.0 76.280 181.517 168
gaussian 209 1.0 76.506 181.372 166
gaussian 209 1.0 76.410 181.464 169
gaussian 209 1.0 76.254 181.130 165
gaussian 209 1.0 76.271 181.253 178
gaussian 209 1.0 76.570 181.290 173
gaussian 209 1.0 76.275 181.398 168
gaussian 209 1.0 76.767 180.967 166
gaussian 209 1.0 76.076 180.748 164
gaussian 209 1.0 76.512 181.020 167
gaussian 324 1.0 118.454 419.670 144
gaussian 324 1.0 118.817 420.658 143
gaussian 324 1.0 118.778 420.278 147
gaussian 324 1.0 118.746 420.976 143
gaussian 324 1.0 118.788 420.896 141
gaussian 324 1.0 118.756 419.458 142
gaussian 324 1.0 118.289 419.909 144
gaussian 324 1.0 118.470 419.680 144
gaussian 324 1.0 118.436 421.249 142
gaussian 324 1.0 118.552 420.680 149
fft 40 1.0 16.780 11.649 196
fft 40 1.0 16.800 11.636 213
fft 40 1.0 16.638 11.619 208
fft 40 1.0 16.777 11.634 203
fft 40 1.0 16.616 11.613 201
fft 40 1.0 16.515 11.643 207
fft 40 1.0 16.733 11.617 263
fft 40 1.0 16.686 11.630 281
fft 40 1.0 16.531 11.615 279
fft 40 1.0 16.819 11.629 281
fft 96 1.0 35.241 51.322 245
fft 96 1.0 35.148 51.395 226
fft 96 1.0 35.174 51.307 253
fft 96 1.0 35.184 51.415 229
fft 96 1.0 35.118 51.310 248
fft 96 1.0 35.172 51.434 229
fft 96 1.0 35.152 51.312 245
fft 96 1.0 35.233 51.295 232
fft 96 1.0 35.079 51.287 236
fft 96 1.0 35.155 51.296 242
fft 224 1.0 71.928 256.267 201
fft 224 1.0 72.005 256.530 201
fft 224 1.0 71.994 256.282 204
fft 224 1.0 72.011 255.521 200
fft 224 1.0 71.940 255.429 197
fft 224 1.0 71.930 256.124 203
fft 224 1.0 71.928 256.278 201
fft 224 1.0 71.913 256.377 204
fft 224 1.0 71.921 255.633 202
fft 224 1.0 71.998 255.805 201
