Montage 25 1.0 28.546 5.284 169
Montage 25 1.0 28.504 5.285 197
Montage 25 1.0 28.504 5.281 215
Montage 25 1.0 28.504 5.290 204
Montage 25 1.0 28.546 5.298 180
Montage 25 1.0 28.546 5.293 166
Montage 25 1.0 28.504 5.306 166
Montage 25 1.0 28.504 5.310 189
Montage 25 1.0 28.546 5.278 196
Montage 25 1.0 28.546 5.283 184
Montage 50 1.0 52.957 19.568 246
Montage 50 1.0 53.017 19.613 250
Montage 50 1.0 52.977 19.602 240
Montage 50 1.0 52.957 19.595 242
Montage 50 1.0 52.977 19.567 285
Montage 50 1.0 53.017 19.560 353
Montage 50 1.0 53.067 19.570 346
Montage 50 1.0 52.958 19.576 248
Montage 50 1.0 53.037 19.599 236
Montage 50 1.0 52.957 19.556 243
Montage 100 1.0 103.285 102.218 387
Montage 100 1.0 103.299 102.044 382
Montage 100 1.0 103.259 102.021 403
Montage 100 1.0 103.282 102.018 434
Montage 100 1.0 103.254 102.058 430
Montage 100 1.0 103.195 102.096 396
Montage 100 1.0 103.218 101.996 379
Montage 100 1.0 103.172 102.231 379
Montage 100 1.0 103.342 102.040 381
Montage 100 1.0 103.278 102.157 377
CyberShake 30 1.0 156.127 8.014 224
CyberShake 30 1.0 156.127 7.998 225
CyberShake 30 1.0 156.127 8.012 257
CyberShake 30 1.0 156.127 8.011 228
CyberShake 30 1.0 156.127 8.032 236
CyberShake 30 1.0 156.127 8.002 245
CyberShake 30 1.0 156.127 8.015 301
CyberShake 30 1.0 156.127 8.009 260
CyberShake 30 1.0 156.127 8.001 299
CyberShake 30 1.0 156.127 8.020 245
CyberShake 50 1.0 180.871 22.420 243
CyberShake 50 1.0 179.938 22.453 242
CyberShake 50 1.0 179.953 22.491 248
CyberShake 50 1.0 179.938 22.444 245
CyberShake 50 1.0 179.938 22.420 247
CyberShake 50 1.0 179.953 22.478 246
CyberShake 50 1.0 180.685 22.433 247
CyberShake 50 1.0 181.597 22.467 244
CyberShake 50 1.0 179.938 22.450 249
CyberShake 50 1.0 180.871 22.431 247
CyberShake 100 1.0 239.684 138.632 454
CyberShake 100 1.0 239.143 138.531 480
CyberShake 100 1.0 239.220 138.636 457
CyberShake 100 1.0 239.247 138.475 433
CyberShake 100 1.0 239.320 138.626 432
CyberShake 100 1.0 239.453 138.587 430
CyberShake 100 1.0 239.374 138.706 437
CyberShake 100 1.0 239.064 138.465 477
CyberShake 100 1.0 239.397 138.482 474
CyberShake 100 1.0 239.107 138.484 436
Epigenomics 24 1.0 2320.908 4.313 220
Epigenomics 24 1.0 2320.908 4.323 155
Epigenomics 24 1.0 2320.908 4.311 203
Epigenomics 24 1.0 2320.908 4.315 192
Epigenomics 24 1.0 2320.908 4.334 152
Epigenomics 24 1.0 2320.908 4.318 155
Epigenomics 24 1.0 2320.908 4.340 159
Epigenomics 24 1.0 2320.908 4.312 186
Epigenomics 24 1.0 2320.908 4.346 187
Epigenomics 24 1.0 2320.908 4.313 181
Epigenomics 47 1.0 4313.610 13.248 200
Epigenomics 47 1.0 4313.610 13.230 195
Epigenomics 47 1.0 4313.610 13.225 190
Epigenomics 47 1.0 4313.610 13.217 192
Epigenomics 47 1.0 4313.610 13.196 196
Epigenomics 47 1.0 4313.610 13.213 194
Epigenomics 47 1.0 4313.610 13.201 195
Epigenomics 47 1.0 4313.610 13.238 192
Epigenomics 47 1.0 4313.610 13.243 194
Epigenomics 47 1.0 4313.610 13.237 191
Epigenomics 100 1.0 35237.346 54.805 242
Epigenomics 100 1.0 35239.003 54.858 242
Epigenomics 100 1.0 35218.180 54.910 248
Epigenomics 100 1.0 35235.962 54.899 221
Epigenomics 100 1.0 35230.637 54.913 213
Epigenomics 100 1.0 35247.725 55.028 214
Epigenomics 100 1.0 35218.506 54.822 214
Epigenomics 100 1.0 35261.326 54.844 209
Epigenomics 100 1.0 35235.598 54.998 213
Epigenomics 100 1.0 35251.820 54.826 212
Ligo 30 1.0 657.356 6.492 193
Ligo 30 1.0 658.233 6.500 194
Ligo 30 1.0 658.233 6.504 199
Ligo 30 1.0 657.356 6.489 203
Ligo 30 1.0 657.356 6.491 169
Ligo 30 1.0 657.356 6.483 197
Ligo 30 1.0 657.356 6.478 178
Ligo 30 1.0 657.292 6.467 185
Ligo 30 1.0 657.356 6.489 199
Ligo 30 1.0 657.330 6.515 215
Ligo 50 1.0 992.708 14.696 193
Ligo 50 1.0 993.977 14.697 195
Ligo 50 1.0 995.375 14.717 199
Ligo 50 1.0 996.272 14.727 191
Ligo 50 1.0 994.995 14.728 190
Ligo 50 1.0 993.384 14.740 196
Ligo 50 1.0 991.101 14.686 192
Ligo 50 1.0 992.349 14.712 195
Ligo 50 1.0 994.726 14.734 195
Ligo 50 1.0 991.091 14.705 197
Ligo 100 1.0 1755.985 32.516 138
Ligo 100 1.0 1755.754 32.614 139
Ligo 100 1.0 1756.177 32.545 139
Ligo 100 1.0 1757.937 32.609 138
Ligo 100 1.0 1755.902 32.588 140
Ligo 100 1.0 1756.297 32.674 141
Ligo 100 1.0 1755.997 32.595 138
Ligo 100 1.0 1756.553 32.671 139
Ligo 100 1.0 1756.490 32.465 139
Ligo 100 1.0 1755.892 32.602 139
gaussian 9 1.0 8.542 1.371 185
gaussian 9 1.0 8.542 1.378 156
gaussian 9 1.0 8.542 1.376 180
gaussian 9 1.0 8.542 1.364 177
gaussian 9 1.0 8.542 1.374 247
gaussian 9 1.0 8.542 1.396 240
gaussian 9 1.0 8.542 1.409 200
gaussian 9 1.0 8.542 1.366 110
gaussian 9 1.0 8.542 1.365 142
gaussian 9 1.0 8.542 1.377 230
gaussian 209 1.0 77.067 181.270 167
gaussian 209 1.0 76.668 181.290 170
gaussian 209 1.0 76.410 180.856 168
gaussian 209 1.0 76.804 181.432 165
gaussian 209 1.0 76.560 181.544 164
gaussian 209 1.0 76.354 181.404 165
gaussian 209 1.0 76.516 180.968 166
gaussian 209 1.0 76.699 180.983 167
gaussian 209 1.0 76.793 180.770 171
gaussian 209 1.0 76.866 181.520 169
gaussian 324 1.0 119.274 419.936 145
gaussian 324 1.0 119.146 419.738 142
gaussian 324 1.0 119.096 420.431 142
gaussian 324 1.0 119.275 420.228 143
gaussian 324 1.0 119.285 419.698 141
gaussian 324 1.0 118.979 421.217 143
gaussian 324 1.0 118.605 420.489 143
gaussian 324 1.0 119.794 421.316 142
gaussian 324 1.0 119.453 420.022 142
gaussian 324 1.0 119.571 420.044 144
fft 40 1.0 16.616 11.621 202
fft 40 1.0 16.482 11.610 202
fft 40 1.0 16.780 11.627 212
fft 40 1.0 16.623 11.640 209
fft 40 1.0 16.822 11.628 216
fft 40 1.0 16.762 11.615 210
fft 40 1.0 16.750 11.632 209
fft 40 1.0 16.616 11.642 207
fft 40 1.0 16.601 11.625 203
fft 40 1.0 16.515 11.621 209
fft 96 1.0 35.176 51.402 232
fft 96 1.0 35.207 51.440 244
fft 96 1.0 35.190 51.373 228
fft 96 1.0 35.168 51.421 255
fft 96 1.0 35.155 51.335 225
fft 96 1.0 35.151 51.337 245
fft 96 1.0 35.183 51.345 230
fft 96 1.0 35.116 51.418 241
fft 96 1.0 35.151 51.371 236
fft 96 1.0 35.128 51.279 233
fft 224 1.0 71.939 255.889 198
fft 224 1.0 72.008 255.646 204
fft 224 1.0 71.927 255.692 199
fft 224 1.0 71.915 256.151 199
fft 224 1.0 71.921 256.258 199
fft 224 1.0 71.928 256.475 199
fft 224 1.0 71.924 256.172 200
fft 224 1.0 71.915 255.645 201
fft 224 1.0 71.993 255.659 199
fft 224 1.0 71.952 256.497 197
