Montage 25 1.0 28.546 5.279 233
Montage 25 1.0 28.504 5.283 240
Montage 25 1.0 28.504 5.279 237
Montage 25 1.0 28.504 5.287 204
Montage 25 1.0 28.504 5.288 211
Montage 25 1.0 28.504 5.291 232
Montage 25 1.0 28.546 5.295 219
Montage 25 1.0 28.504 5.279 228
Montage 25 1.0 28.504 5.277 249
Montage 25 1.0 28.546 5.284 224
Montage 50 1.0 52.927 19.575 263
Montage 50 1.0 53.017 19.547 262
Montage 50 1.0 52.987 19.556 264
Montage 50 1.0 52.988 19.578 263
Montage 50 1.0 52.928 19.546 279
Montage 50 1.0 53.037 19.569 352
Montage 50 1.0 53.057 19.570 349
Montage 50 1.0 53.067 19.581 291
Montage 50 1.0 53.022 19.588 266
Montage 50 1.0 52.958 19.582 261
Montage 100 1.0 103.302 102.092 414
Montage 100 1.0 103.307 102.173 412
Montage 100 1.0 103.198 102.159 421
Montage 100 1.0 103.248 102.117 409
Montage 100 1.0 103.302 102.047 487
Montage 100 1.0 103.119 102.082 475
Montage 100 1.0 103.293 102.094 445
Montage 100 1.0 103.275 102.124 423
Montage 100 1.0 103.282 102.037 417
Montage 100 1.0 103.233 102.153 420
CyberShake 30 1.0 156.127 8.001 204
CyberShake 30 1.0 156.127 8.028 241
CyberShake 30 1.0 156.127 8.004 196
CyberShake 30 1.0 156.127 8.001 232
CyberShake 30 1.0 156.127 8.002 232
CyberShake 30 1.0 156.127 8.006 220
CyberShake 30 1.0 156.127 8.018 212
CyberShake 30 1.0 156.127 8.029 222
CyberShake 30 1.0 156.127 8.036 242
CyberShake 30 1.0 156.127 8.012 237
CyberShake 50 1.0 179.938 22.436 269
CyberShake 50 1.0 179.938 22.472 266
CyberShake 50 1.0 180.372 22.444 269
CyberShake 50 1.0 179.938 22.402 268
CyberShake 50 1.0 179.938 22.454 270
CyberShake 50 1.0 179.673 22.445 267
CyberShake 50 1.0 179.673 22.464 270
CyberShake 50 1.0 179.673 22.422 271
CyberShake 50 1.0 179.938 22.485 271
CyberShake 50 1.0 179.938 22.420 271
CyberShake 100 1.0 239.630 138.484 469
CyberShake 100 1.0 239.652 138.496 473
CyberShake 100 1.0 239.460 138.522 473
CyberShake 100 1.0 239.119 138.718 475
CyberShake 100 1.0 239.103 138.616 514
CyberShake 100 1.0 239.187 138.551 521
CyberShake 100 1.0 239.125 138.465 484
CyberShake 100 1.0 239.059 138.637 472
CyberShake 100 1.0 239.307 138.674 475
CyberShake 100 1.0 239.190 138.711 473
Epigenomics 24 1.0 2320.908 4.318 184
Epigenomics 24 1.0 2320.908 4.335 162
Epigenomics 24 1.0 2320.908 4.312 158
Epigenomics 24 1.0 2320.908 4.316 185
Epigenomics 24 1.0 2320.908 4.312 199
Epigenomics 24 1.0 2320.908 4.315 199
Epigenomics 24 1.0 2320.908 4.312 193
Epigenomics 24 1.0 2320.908 4.316 179
Epigenomics 24 1.0 2320.908 4.316 219
Epigenomics 24 1.0 2320.908 4.312 211
Epigenomics 47 1.0 4313.610 13.198 268
Epigenomics 47 1.0 4313.610 13.210 306
Epigenomics 47 1.0 4313.610 13.212 261
Epigenomics 47 1.0 4313.610 13.212 264
Epigenomics 47 1.0 4313.610 13.223 225
Epigenomics 47 1.0 4313.610 13.248 213
Epigenomics 47 1.0 4313.610 13.243 211
Epigenomics 47 1.0 4313.610 13.242 210
Epigenomics 47 1.0 4313.610 13.219 208
Epigenomics 47 1.0 4313.610 13.202 216
Epigenomics 100 1.0 35279.922 54.890 225
Epigenomics 100 1.0 35228.640 54.972 227
Epigenomics 100 1.0 35246.271 54.898 232
Epigenomics 100 1.0 35255.909 54.940 231
Epigenomics 100 1.0 35273.343 54.941 228
Epigenomics 100 1.0 35222.075 54.934 229
Epigenomics 100 1.0 35252.399 54.823 226
Epigenomics 100 1.0 35234.721 54.927 234
Epigenomics 100 1.0 35298.966 54.957 261
Epigenomics 100 1.0 35260.621 54.839 266
Ligo 30 1.0 658.233 6.482 194
Ligo 30 1.0 657.324 6.471 194
Ligo 30 1.0 657.356 6.465 215
Ligo 30 1.0 658.233 6.491 198
Ligo 30 1.0 657.356 6.475 224
Ligo 30 1.0 658.233 6.489 170
Ligo 30 1.0 657.356 6.471 191
Ligo 30 1.0 657.356 6.474 211
Ligo 30 1.0 657.356 6.471 207
Ligo 30 1.0 657.356 6.483 209
Ligo 50 1.0 995.271 14.734 214
Ligo 50 1.0 993.938 14.721 212
Ligo 50 1.0 992.921 14.733 210
Ligo 50 1.0 994.554 14.729 218
Ligo 50 1.0 997.403 14.701 210
Ligo 50 1.0 995.053 14.747 215
Ligo 50 1.0 996.007 14.717 214
Ligo 50 1.0 994.126 14.710 214
Ligo 50 1.0 995.620 14.696 216
Ligo 50 1.0 994.779 14.730 210
Ligo 100 1.0 1763.065 32.575 176
Ligo 100 1.0 1760.085 32.523 177
Ligo 100 1.0 1755.213 32.479 177
Ligo 100 1.0 1756.580 32.627 166
Ligo 100 1.0 1757.009 32.493 151
Ligo 100 1.0 1758.903 32.575 151
Ligo 100 1.0 1761.945 32.554 148
Ligo 100 1.0 1762.283 32.611 151
Ligo 100 1.0 1760.827 32.562 149
Ligo 100 1.0 1761.943 32.510 150
gaussian 9 1.0 8.542 1.383 222
gaussian 9 1.0 8.542 1.370 137
gaussian 9 1.0 8.542 1.365 386
gaussian 9 1.0 8.542 1.381 246
gaussian 9 1.0 8.542 1.385 154
gaussian 9 1.0 8.542 1.385 196
gaussian 9 1.0 8.542 1.379 77
gaussian 9 1.0 8.542 1.366 84
gaussian 9 1.0 8.542 1.371 273
gaussian 9 1.0 8.542 1.366 404
gaussian 209 1.0 76.955 181.149 181
gaussian 209 1.0 77.114 180.761 181
gaussian 209 1.0 76.997 181.510 182
gaussian 209 1.0 76.769 180.814 187
gaussian 209 1.0 77.018 180.746 188
gaussian 209 1.0 76.898 181.096 192
gaussian 209 1.0 76.672 181.336 184
gaussian 209 1.0 76.412 180.803 181
gaussian 209 1.0 77.076 181.506 183
gaussian 209 1.0 76.718 180.986 184
gaussian 324 1.0 119.367 419.338 157
gaussian 324 1.0 119.359 420.364 160
gaussian 324 1.0 118.759 420.673 160
gaussian 324 1.0 119.561 420.941 159
gaussian 324 1.0 119.061 420.049 160
gaussian 324 1.0 119.141 420.511 159
gaussian 324 1.0 119.075 419.831 159
gaussian 324 1.0 118.958 420.166 161
gaussian 324 1.0 119.017 421.215 159
gaussian 324 1.0 119.367 420.528 158
fft 40 1.0 16.515 11.628 223
fft 40 1.0 16.616 11.634 219
fft 40 1.0 16.840 11.614 225
fft 40 1.0 16.793 11.615 234
fft 40 1.0 16.687 11.656 235
fft 40 1.0 16.763 11.622 216
fft 40 1.0 16.750 11.637 223
fft 40 1.0 16.763 11.620 236
fft 40 1.0 16.750 11.628 228
fft 40 1.0 16.748 11.642 237
fft 96 1.0 35.178 51.275 259
fft 96 1.0 35.222 51.360 248
fft 96 1.0 35.126 51.331 271
fft 96 1.0 35.190 51.312 246
fft 96 1.0 35.150 51.390 266
fft 96 1.0 35.103 51.365 247
fft 96 1.0 35.203 51.294 270
fft 96 1.0 35.241 51.325 250
fft 96 1.0 35.176 51.409 259
fft 96 1.0 35.205 51.297 257
fft 224 1.0 71.941 255.454 221
fft 224 1.0 71.941 255.457 222
fft 224 1.0 71.961 256.003 220
fft 224 1.0 71.930 255.680 222
fft 224 1.0 71.939 256.021 218
fft 224 1.0 71.933 255.424 218
fft 224 1.0 71.962 255.468 219
fft 224 1.0 71.931 255.617 226
fft 224 1.0 71.939 256.425 217
fft 224 1.0 71.963 255.636 223
