Montage 25 1.0 28.587 5.292 243
Montage 25 1.0 28.546 5.300 249
Montage 25 1.0 28.504 5.281 233
Montage 25 1.0 28.546 5.288 195
Montage 25 1.0 28.504 5.294 291
Montage 25 1.0 28.504 5.302 275
Montage 25 1.0 28.546 5.290 259
Montage 25 1.0 28.504 5.275 242
Montage 25 1.0 28.504 5.275 280
Montage 25 1.0 28.504 5.282 256
Montage 50 1.0 53.097 19.552 361
Montage 50 1.0 53.137 19.572 361
Montage 50 1.0 53.138 19.576 357
Montage 50 1.0 52.927 19.551 412
Montage 50 1.0 53.068 19.563 438
Montage 50 1.0 53.128 19.580 458
Montage 50 1.0 53.018 19.566 408
Montage 50 1.0 53.057 19.589 361
Montage 50 1.0 52.957 19.562 360
Montage 50 1.0 53.017 19.564 354
Montage 100 1.0 103.288 102.103 611
Montage 100 1.0 103.213 102.092 604
Montage 100 1.0 103.280 102.025 627
Montage 100 1.0 103.272 102.104 569
Montage 100 1.0 103.082 102.132 631
Montage 100 1.0 103.276 102.084 607
Montage 100 1.0 103.322 102.006 615
Montage 100 1.0 103.280 102.056 616
Montage 100 1.0 103.268 102.066 575
Montage 100 1.0 103.266 102.104 619
CyberShake 30 1.0 156.127 8.009 311
CyberShake 30 1.0 156.127 8.013 285
CyberShake 30 1.0 156.127 8.021 254
CyberShake 30 1.0 156.127 8.021 297
CyberShake 30 1.0 156.127 8.006 319
CyberShake 30 1.0 156.127 8.003 288
CyberShake 30 1.0 156.127 8.011 269
CyberShake 30 1.0 156.127 8.007 309
CyberShake 30 1.0 156.127 8.016 266
CyberShake 30 1.0 156.127 8.025 338
CyberShake 50 1.0 180.871 22.437 470
CyberShake 50 1.0 180.053 22.431 495
CyberShake 50 1.0 179.943 22.429 508
CyberShake 50 1.0 181.597 22.407 461
CyberShake 50 1.0 180.871 22.442 493
CyberShake 50 1.0 181.713 22.416 455
CyberShake 50 1.0 180.871 22.405 496
CyberShake 50 1.0 179.953 22.417 501
CyberShake 50 1.0 181.890 22.432 525
CyberShake 50 1.0 181.890 22.428 506
CyberShake 100 1.0 239.270 138.527 651
CyberShake 100 1.0 239.260 138.613 649
CyberShake 100 1.0 239.665 138.541 651
CyberShake 100 1.0 239.199 138.522 734
CyberShake 100 1.0 239.113 138.589 765
CyberShake 100 1.0 239.247 138.537 711
CyberShake 100 1.0 239.220 138.479 655
CyberShake 100 1.0 239.268 138.607 659
CyberShake 100 1.0 239.147 138.473 654
CyberShake 100 1.0 239.243 138.595 666
Epigenomics 24 1.0 2320.908 4.332 210
Epigenomics 24 1.0 2320.908 4.325 160
Epigenomics 24 1.0 2320.908 4.317 222
Epigenomics 24 1.0 2320.908 4.318 272
Epigenomics 24 1.0 2320.908 4.323 281
Epigenomics 24 1.0 2320.908 4.317 245
Epigenomics 24 1.0 2320.908 4.319 262
Epigenomics 24 1.0 2320.908 4.320 232
Epigenomics 24 1.0 2320.908 4.337 226
Epigenomics 24 1.0 2320.908 4.325 183
Epigenomics 47 1.0 4313.610 13.222 343
Epigenomics 47 1.0 4313.610 13.197 370
Epigenomics 47 1.0 4313.610 13.195 359
Epigenomics 47 1.0 4313.610 13.199 347
Epigenomics 47 1.0 4313.610 13.221 398
Epigenomics 47 1.0 4313.610 13.204 371
Epigenomics 47 1.0 4313.610 13.208 369
Epigenomics 47 1.0 4313.610 13.203 377
Epigenomics 47 1.0 4313.610 13.204 382
Epigenomics 47 1.0 4313.610 13.205 303
Epigenomics 100 1.0 35238.450 54.892 319
Epigenomics 100 1.0 35258.818 54.817 312
Epigenomics 100 1.0 35259.576 54.881 317
Epigenomics 100 1.0 35234.721 54.851 383
Epigenomics 100 1.0 35283.145 54.900 381
Epigenomics 100 1.0 35272.953 54.820 392
Epigenomics 100 1.0 35246.545 54.878 391
Epigenomics 100 1.0 35238.367 54.832 385
Epigenomics 100 1.0 35258.428 54.886 341
Epigenomics 100 1.0 35219.065 54.871 316
Ligo 30 1.0 658.233 6.488 259
Ligo 30 1.0 658.233 6.469 269
Ligo 30 1.0 657.356 6.466 221
Ligo 30 1.0 657.324 6.488 271
Ligo 30 1.0 657.356 6.475 247
Ligo 30 1.0 657.324 6.484 246
Ligo 30 1.0 658.233 6.482 228
Ligo 30 1.0 658.233 6.517 280
Ligo 30 1.0 658.233 6.474 274
Ligo 30 1.0 658.233 6.484 261
Ligo 50 1.0 995.097 14.712 342
Ligo 50 1.0 994.627 14.695 405
Ligo 50 1.0 994.026 14.688 376
Ligo 50 1.0 996.140 14.710 421
Ligo 50 1.0 994.755 14.692 401
Ligo 50 1.0 992.125 14.694 410
Ligo 50 1.0 994.106 14.708 319
Ligo 50 1.0 996.148 14.685 284
Ligo 50 1.0 993.566 14.699 305
Ligo 50 1.0 993.830 14.696 272
Ligo 100 1.0 1756.540 32.503 207
Ligo 100 1.0 1756.099 32.507 206
Ligo 100 1.0 1754.833 32.511 208
Ligo 100 1.0 1755.806 32.489 208
Ligo 100 1.0 1756.049 32.564 207
Ligo 100 1.0 1756.420 32.480 204
Ligo 100 1.0 1757.356 32.545 207
Ligo 100 1.0 1757.503 32.514 208
Ligo 100 1.0 1755.640 32.532 208
Ligo 100 1.0 1758.567 32.466 205
gaussian 9 1.0 8.542 1.393 157
gaussian 9 1.0 8.542 1.367 481
gaussian 9 1.0 8.542 1.398 180
gaussian 9 1.0 8.542 1.364 383
gaussian 9 1.0 8.542 1.365 686
gaussian 9 1.0 8.542 1.375 424
gaussian 9 1.0 8.542 1.364 168
gaussian 9 1.0 8.542 1.368 465
gaussian 9 1.0 8.542 1.372 117
gaussian 9 1.0 8.542 1.378 227
gaussian 209 1.0 76.486 181.216 269
gaussian 209 1.0 76.886 181.070 264
gaussian 209 1.0 76.902 181.054 272
gaussian 209 1.0 76.420 181.029 272
gaussian 209 1.0 76.357 181.155 274
gaussian 209 1.0 76.467 180.795 268
gaussian 209 1.0 76.648 181.171 277
gaussian 209 1.0 76.234 181.224 273
gaussian 209 1.0 76.626 180.953 263
gaussian 209 1.0 76.317 180.998 275
gaussian 324 1.0 119.272 420.768 236
gaussian 324 1.0 119.076 419.517 231
gaussian 324 1.0 119.454 419.381 231
gaussian 324 1.0 119.618 419.798 230
gaussian 324 1.0 118.655 419.487 231
gaussian 324 1.0 118.784 420.608 235
gaussian 324 1.0 118.740 420.465 232
gaussian 324 1.0 119.504 420.075 233
gaussian 324 1.0 119.358 420.580 238
gaussian 324 1.0 118.800 419.855 229
fft 40 1.0 16.660 11.622 307
fft 40 1.0 16.771 11.620 330
fft 40 1.0 16.674 11.631 309
fft 40 1.0 16.608 11.635 293
fft 40 1.0 16.616 11.629 315
fft 40 1.0 16.750 11.626 330
fft 40 1.0 16.750 11.630 314
fft 40 1.0 16.771 11.619 322
fft 40 1.0 16.616 11.624 308
fft 40 1.0 16.616 11.637 320
fft 96 1.0 35.156 51.298 337
fft 96 1.0 35.183 51.390 334
fft 96 1.0 35.127 51.290 341
fft 96 1.0 35.125 51.275 335
fft 96 1.0 35.135 51.386 341
fft 96 1.0 35.177 51.390 335
fft 96 1.0 35.244 51.375 333
fft 96 1.0 35.161 51.279 335
fft 96 1.0 35.154 51.309 339
fft 96 1.0 35.150 51.331 336
fft 224 1.0 71.924 255.482 330
fft 224 1.0 71.919 255.764 331
fft 224 1.0 71.930 255.772 326
fft 224 1.0 71.914 256.044 327
fft 224 1.0 71.932 255.829 326
fft 224 1.0 71.925 255.917 327
fft 224 1.0 71.937 255.939 327
fft 224 1.0 71.983 255.888 327
fft 224 1.0 71.947 256.115 327
fft 224 1.0 71.915 255.685 333
