Montage 25 1.0 28.71480 3.84363 240 30.77845 4.58552 451 28.74417 2.33901 1965 28.71480 5.25042 812 28.64203 1.22996 122 
Montage 25 1.0 28.70478 3.65225 248 28.65345 3.59282 537 28.82529 3.06078 2724 28.71480 5.17118 803 28.64701 1.11447 113 
Montage 25 1.0 28.71480 3.57828 240 28.85161 5.84310 847 28.74417 2.45085 2128 28.71480 5.15122 802 28.64701 1.01658 103 
Montage 25 1.0 28.71480 3.57059 240 28.69980 6.21455 938 28.87312 1.77104 1577 28.71480 5.41965 837 28.65703 0.83607 85 
Montage 25 1.0 28.71480 3.66704 240 30.24172 4.11363 613 28.87312 2.24843 1945 28.71480 5.26480 809 28.64701 1.02736 103 
Montage 25 1.0 28.71480 3.56349 240 30.78898 5.06519 770 28.82529 2.79752 2493 28.71480 5.21756 805 28.60624 1.54466 157 
Montage 25 1.0 28.71480 3.56325 240 28.91326 5.33582 802 28.74417 3.08447 2590 28.71480 5.36257 815 28.64701 0.96730 97 
Montage 25 1.0 28.65703 4.27053 246 30.78638 5.98323 863 28.74417 2.60488 2319 28.71480 5.35009 828 28.64701 0.74066 76 
Montage 25 1.0 28.71480 3.87662 240 29.87502 2.84139 379 28.70029 2.86993 2429 28.71480 5.24034 810 28.64701 0.79772 81 
Montage 25 1.0 28.71480 3.54793 240 30.83553 4.66397 693 28.70029 2.74081 2473 28.71480 5.31137 811 28.64701 0.76031 73 
Montage 50 1.0 56.55339 14.26895 424 55.87249 24.07273 2801 57.91707 3.44584 1698 58.25543 20.11208 1149 53.00757 5.14910 266 
Montage 50 1.0 56.51744 13.59064 563 55.78480 22.60714 2628 57.69040 6.82871 3437 58.25543 19.97151 1147 53.16241 5.15195 265 
Montage 50 1.0 56.66062 12.16695 494 53.72071 11.57875 1362 57.83373 5.06056 2578 58.25543 19.96058 1141 53.00828 9.91161 505 
Montage 50 1.0 56.66483 9.93885 411 53.81570 19.50359 2327 57.69040 9.54336 4742 58.25543 20.40978 1147 53.04250 6.90843 352 
Montage 50 1.0 56.54093 22.28049 941 56.42269 8.81926 1047 57.66043 4.96025 2557 58.25543 19.44998 1155 53.03820 7.34704 402 
Montage 50 1.0 56.54636 9.17523 393 53.80749 5.06910 609 57.78373 5.78472 2776 58.25543 19.17836 1140 52.98885 8.88016 490 
Montage 50 1.0 56.65514 10.76289 471 56.77501 5.51571 657 57.50707 7.44498 3980 58.25543 19.35693 1158 53.15757 4.86616 251 
Montage 50 1.0 56.58847 11.22188 482 56.06121 12.21160 1486 57.76040 6.00994 3203 58.25543 18.90615 1142 53.12757 6.39550 350 
Montage 50 1.0 56.61221 15.52592 667 54.07828 14.92639 1812 57.91707 3.71270 1698 58.25543 18.83931 1150 53.01757 5.56607 304 
Montage 50 1.0 56.36651 28.67552 1224 56.72314 5.04837 625 55.96871 23.93892 12656 58.25543 19.26510 1163 53.07885 7.35517 409 
Montage 100 1.0 104.37829 34.14504 880 106.39201 13.69437 1168 104.41127 37.88238 9634 105.21427 100.37318 1611 103.73580 48.97486 810 
Montage 100 1.0 104.93003 53.67281 1334 104.43627 45.51934 4060 104.30969 36.36164 9263 105.21427 99.89921 1605 103.73413 31.82270 531 
Montage 100 1.0 104.47996 56.56259 1388 105.29849 15.37308 1331 104.58627 17.34061 4444 105.21427 101.94970 1636 103.86163 34.00497 562 
Montage 100 1.0 105.16503 34.81779 876 104.24034 19.24700 1678 104.78349 17.65156 4523 105.21427 99.89597 1608 103.77837 36.81169 615 
Montage 100 1.0 104.49247 57.45687 1464 108.05906 25.85895 2299 104.39665 42.52187 10837 105.21427 107.38636 1726 103.76580 52.35308 872 
Montage 100 1.0 104.47996 49.64982 1274 104.29701 17.97749 1584 104.43349 29.83067 7546 105.21427 104.64557 1681 103.72829 46.31036 762 
Montage 100 1.0 105.21427 19.05122 480 107.42103 20.37831 1763 104.44303 21.77465 5509 105.21427 99.86031 1613 103.77674 56.09093 932 
Montage 100 1.0 104.85503 57.05503 1388 108.05002 14.03012 1232 104.53053 30.38526 7825 105.21427 101.06610 1624 103.73663 73.82456 1225 
Montage 100 1.0 104.46913 138.40255 3560 104.72682 12.31845 1069 104.53970 16.33989 4180 105.21427 104.46269 1671 103.71275 54.80037 903 
Montage 100 1.0 104.50329 42.30686 1084 104.39247 29.55580 2587 104.67127 21.21301 5438 105.21427 100.41470 1610 103.72247 39.54166 652 
CyberShake 30 1.0 156.12667 4.41636 269 210.71536 3.12896 452 156.13147 2.87198 2321 156.12719 8.01636 883 156.14000 1.18946 108 
CyberShake 30 1.0 156.12667 4.39496 271 156.12667 4.36277 643 156.13147 2.69088 2159 156.12710 7.97410 889 156.12667 1.12752 98 
CyberShake 30 1.0 156.12667 4.32766 268 156.22667 4.36574 636 156.13147 3.96872 3174 156.12714 8.13195 886 156.12667 0.97286 85 
CyberShake 30 1.0 156.12667 4.83884 271 156.12667 3.07587 435 156.13147 2.28037 1807 156.12714 7.72404 883 156.12667 1.36288 121 
CyberShake 30 1.0 156.12667 4.34681 268 156.14000 3.87587 571 156.13147 2.37616 1892 156.12719 7.94742 881 156.12667 0.89009 78 
CyberShake 30 1.0 156.12667 4.39540 271 156.12667 3.82348 562 156.13147 3.17104 2532 156.12714 8.10551 886 156.12667 0.80164 71 
CyberShake 30 1.0 156.12667 4.33838 267 156.12667 5.44933 796 156.12671 3.05946 2408 156.12719 7.95700 887 156.12667 1.24937 109 
CyberShake 30 1.0 156.12667 4.40672 270 156.12667 4.18688 605 156.13147 2.51167 1904 156.12719 8.00410 882 171.00667 0.59373 53 
CyberShake 30 1.0 156.12667 4.34319 268 156.12667 4.45832 585 156.13147 1.72473 1377 171.00667 7.95433 880 156.12667 0.81575 73 
CyberShake 30 1.0 156.12667 4.45274 273 156.14000 3.19337 466 156.12671 4.08130 3318 156.12719 8.15213 892 156.12667 1.15554 102 
CyberShake 50 1.0 188.57333 23.11537 978 240.12807 7.14286 789 183.77818 17.56947 6903 196.14333 22.35186 1135 185.64494 7.21585 369 
CyberShake 50 1.0 185.64494 9.71246 411 196.53878 9.09571 1051 188.15480 9.14942 4517 196.14333 22.47872 1134 185.76526 4.05736 206 
CyberShake 50 1.0 187.15094 15.69823 652 247.78158 10.21069 1185 193.25337 10.71706 4606 196.14333 22.25115 1135 184.35051 6.16755 321 
CyberShake 50 1.0 187.15094 11.77655 469 187.15094 11.03080 1285 191.85905 8.26488 4022 196.14333 22.45322 1134 185.76526 5.91334 300 
CyberShake 50 1.0 187.15094 9.72131 404 193.31351 12.22172 1419 189.64084 7.68983 3722 196.14333 22.43209 1134 185.76526 6.81422 351 
CyberShake 50 1.0 185.64494 14.53075 580 194.03619 5.77974 657 193.16817 8.90319 4365 196.14333 22.45901 1133 187.12667 5.55405 287 
CyberShake 50 1.0 187.15094 12.53939 519 225.21812 5.21679 599 189.62590 8.45682 4095 196.14333 22.30474 1133 187.15094 6.86350 354 
CyberShake 50 1.0 187.15094 9.01234 378 247.78158 9.02684 991 193.48000 14.09281 6495 196.14333 22.35947 1138 183.66000 6.01080 310 
CyberShake 50 1.0 185.64494 12.07643 506 201.75271 7.07054 808 194.22098 5.55086 2718 196.14333 22.39267 1134 196.14333 1.45825 68 
CyberShake 50 1.0 187.15094 9.66093 405 213.31464 9.61172 1122 193.26482 7.09280 3440 196.14333 22.52700 1135 187.03333 6.81945 351 
CyberShake 100 1.0 246.34338 23.48485 542 256.22709 32.58993 2314 252.87756 32.50801 7510 250.31558 138.22609 1606 250.31558 7.24729 96 
CyberShake 100 1.0 246.34338 23.89528 534 256.86363 18.44661 1407 256.95094 15.74323 3674 250.31558 138.00481 1606 250.31558 7.20927 96 
CyberShake 100 1.0 246.24004 40.65256 918 254.32499 31.58340 2375 259.46004 33.73274 7775 250.31558 138.16789 1607 250.31558 7.18584 96 
CyberShake 100 1.0 246.34812 24.60254 546 272.49939 17.51681 1339 257.96671 22.14502 5168 250.31558 138.17638 1609 250.31558 6.92056 96 
CyberShake 100 1.0 246.24000 29.09834 651 268.68818 26.72114 2011 254.20813 46.53347 10858 250.31558 138.95626 1609 249.03058 16.11668 228 
CyberShake 100 1.0 246.34333 41.95587 944 256.32148 17.18111 1323 256.34133 27.34191 6354 250.31558 138.78805 1610 249.03058 11.38269 165 
CyberShake 100 1.0 246.34812 21.71907 495 278.63818 26.12844 1941 257.06793 18.11631 4183 250.31558 139.11187 1609 250.31558 6.59054 96 
CyberShake 100 1.0 246.34812 22.27214 512 264.75234 29.48382 2270 258.00038 31.57465 7163 250.31558 138.21172 1608 250.31558 6.99068 96 
CyberShake 100 1.0 246.34333 27.28829 624 267.81994 20.33958 1532 256.95094 21.33780 4778 250.31558 138.02577 1609 250.31558 6.63278 96 
CyberShake 100 1.0 246.34812 23.38726 532 271.44648 13.76383 1050 256.05496 26.33786 6062 250.31558 138.91112 1609 250.31558 7.20307 96 
Epigenomics 24 1.0 2520.48000 3.35538 245 2542.54064 3.32475 493 2520.48000 1.47522 1454 2335.15351 4.29331 787 2320.90755 1.32132 151 
Epigenomics 24 1.0 2522.28318 3.52304 260 2320.90755 2.43400 363 2520.48000 2.01030 1989 2334.29351 4.34136 792 2321.34532 0.89002 99 
Epigenomics 24 1.0 2320.90755 3.46551 251 2323.95863 2.54182 387 2320.90755 1.88801 1869 2333.50685 4.35979 795 2320.90755 1.01583 114 
Epigenomics 24 1.0 2522.28318 3.44288 248 2321.34532 3.41795 524 2520.48000 1.40677 1393 2333.50685 4.42265 789 2320.90755 1.11695 127 
Epigenomics 24 1.0 2379.76497 4.03476 285 2320.90755 4.04607 604 2520.48000 1.61850 1586 2333.90351 4.33577 786 2320.90755 1.48474 165 
Epigenomics 24 1.0 2520.48000 3.38692 243 2320.90755 3.94905 609 2520.48000 2.32493 2287 2336.22351 4.25933 791 2321.34532 1.27401 140 
Epigenomics 24 1.0 2340.62605 7.68718 500 2320.90755 4.53936 670 2320.90755 2.13439 2043 2335.15351 4.18677 791 2321.34532 1.16973 135 
Epigenomics 24 1.0 2520.48000 3.35951 246 2320.90755 3.34898 511 2320.90755 1.98220 1939 2334.56685 4.26747 794 2320.90755 1.05471 113 
Epigenomics 24 1.0 2520.48000 5.62862 240 2380.53466 3.00038 464 2320.90755 1.55904 1540 2333.50685 4.30472 791 2323.95863 0.76854 87 
Epigenomics 24 1.0 2520.48000 3.33049 244 2542.54064 2.94908 448 2320.90755 1.60136 1581 2335.56018 4.34057 803 2323.95863 1.18198 128 
Epigenomics 47 1.0 4318.48768 20.06017 881 4404.10195 5.23576 618 4340.70722 4.96758 2561 4327.87501 13.01163 1124 4346.22972 0.88191 66 
Epigenomics 47 1.0 4334.40234 8.14693 343 4356.83906 6.38107 740 4343.87722 4.58510 2377 4333.31922 13.27202 1125 4324.30001 2.47160 179 
Epigenomics 47 1.0 4321.02365 9.22215 396 4356.83906 6.78195 729 4340.70722 6.20878 3158 4327.28143 13.35263 1121 4346.22972 0.88199 66 
Epigenomics 47 1.0 4336.18562 7.88909 343 4321.02365 12.45978 1426 4340.70722 5.79443 2969 4336.18323 13.17090 1105 4346.22972 0.86944 66 
Epigenomics 47 1.0 4313.60977 16.08102 697 4356.83906 4.94589 571 4340.70722 4.50844 2308 4335.81336 13.10247 1111 4346.22972 0.89652 66 
Epigenomics 47 1.0 4346.22972 8.19402 330 4327.00559 9.06631 1033 4340.70722 4.85713 2470 4334.92256 13.11218 1135 4346.22972 0.89762 66 
Epigenomics 47 1.0 4327.00559 10.24761 462 4408.79810 7.34003 846 4340.70722 5.31595 2728 4330.88501 12.88767 1112 4346.22972 0.89689 66 
Epigenomics 47 1.0 4335.01956 10.58323 450 4590.77163 5.67294 661 4340.70722 4.43179 2259 4326.60124 13.55181 1138 4346.22972 0.86626 66 
Epigenomics 47 1.0 4324.30001 18.26201 678 4327.68531 6.12374 710 4340.70722 4.06208 2086 4331.63694 12.98971 1121 4323.44977 3.30810 251 
Epigenomics 47 1.0 4345.09258 7.48871 338 4320.27143 4.53070 525 4340.70722 5.95880 3032 4322.58629 13.44182 1120 4346.22972 0.89982 66 
Epigenomics 100 1.0 35669.69477 22.03557 480 35532.91437 31.97842 2272 35669.69477 10.31073 2400 35352.62524 54.75330 1640 35669.69477 3.95558 96 
Epigenomics 100 1.0 35669.69477 23.10751 480 36805.64572 16.03971 1176 35668.79636 23.77501 5549 35299.13943 55.47754 1629 35669.69477 4.03566 96 
Epigenomics 100 1.0 35669.69477 22.58827 480 35477.39866 53.43687 3787 35669.69477 10.32258 2400 35300.43208 55.75281 1662 35669.69477 4.09475 96 
Epigenomics 100 1.0 35669.69477 20.43751 480 35938.08000 21.57053 1569 35669.69477 11.31002 2400 35277.16591 54.18112 1628 35669.69477 4.00362 96 
Epigenomics 100 1.0 35669.69477 20.96362 480 35732.52757 31.20795 2277 35669.69477 12.83450 2400 35282.72300 56.23533 1636 35669.69477 3.97082 96 
Epigenomics 100 1.0 35669.69477 22.54667 480 35460.57505 22.69141 1653 35669.01911 17.55409 3814 35347.88050 54.33537 1633 35669.69477 4.04558 96 
Epigenomics 100 1.0 35669.69477 21.39391 480 35622.27699 25.62844 1860 35669.69477 10.88191 2400 35252.36540 56.60971 1641 35669.69477 3.99290 96 
Epigenomics 100 1.0 35669.69477 21.55835 480 35796.57129 21.13639 1531 35669.69477 11.28297 2400 35412.87316 52.25711 1628 35452.18667 16.75442 491 
Epigenomics 100 1.0 35669.69477 21.28945 480 35582.94451 41.04257 2957 35669.69477 10.44397 2400 35365.92740 52.10809 1623 35669.69477 3.95230 96 
Epigenomics 100 1.0 35669.69477 21.87588 480 35852.99150 32.61776 2391 35669.69477 10.30065 2400 35367.81136 56.20934 1646 35669.69477 3.95984 96 
Ligo 30 1.0 676.84279 4.15536 275 655.43296 7.81071 1121 681.04679 5.79602 2248 662.63017 6.40996 908 661.53393 1.36157 135 
Ligo 30 1.0 681.48333 6.11243 404 676.20682 7.17327 1064 681.04679 2.87855 2415 658.71364 6.32972 895 657.45714 2.99120 300 
Ligo 30 1.0 676.83973 8.94944 579 662.50590 7.12060 1049 686.46362 1.73912 1481 658.73106 6.38493 898 655.43296 3.27769 332 
Ligo 30 1.0 661.66488 4.18603 271 668.46346 6.53905 971 681.05291 1.79912 1537 662.63017 6.42590 900 655.43296 2.85458 290 
Ligo 30 1.0 677.75391 4.36192 282 676.10682 2.81434 418 656.08930 5.29923 4525 662.91385 7.49554 1048 655.43908 2.37470 224 
Ligo 30 1.0 664.28349 4.36063 286 657.32381 7.12491 1059 681.04679 2.96417 2536 662.60576 6.29616 884 657.35562 1.66200 165 
Ligo 30 1.0 677.03524 7.37470 389 662.39264 3.05224 440 681.04985 2.32694 1999 662.85441 6.33159 899 657.32993 1.28591 130 
Ligo 30 1.0 676.84279 4.23462 274 659.37660 2.72786 407 668.50187 3.23078 2756 662.60576 6.46976 901 657.32381 1.71454 172 
Ligo 30 1.0 689.67724 4.41879 282 676.20682 2.84626 420 680.80667 3.46148 2951 658.71364 6.33272 892 661.53393 1.69831 157 
Ligo 30 1.0 699.02291 3.99822 263 688.60654 5.20512 772 681.04985 3.13361 2670 660.53638 6.17551 890 655.43296 1.91044 196 
Ligo 50 1.0 1027.01574 7.55728 340 1086.67798 7.41407 790 1091.29481 16.23419 8827 995.83891 14.60121 1172 1002.75758 2.88294 215 
Ligo 50 1.0 1027.01574 7.77781 340 1088.34768 11.95386 1472 1041.68722 14.10600 6697 997.53238 14.91515 1177 1002.75758 3.55643 258 
Ligo 50 1.0 1027.01574 7.63946 340 1040.53269 10.74119 1327 1067.00565 10.49262 5739 996.71132 14.88359 1181 1002.75758 2.35100 171 
Ligo 50 1.0 1027.01574 7.91215 340 1072.01208 15.30615 1889 1044.68333 12.23124 6710 1009.98395 14.10980 1142 1002.75758 3.15453 233 
Ligo 50 1.0 1027.01574 7.93164 340 1072.56000 7.02867 772 1076.91791 11.10791 4774 996.98542 15.43379 1228 1002.75758 3.76945 277 
Ligo 50 1.0 1027.01574 7.74524 340 1029.65300 13.78955 1698 1045.59200 15.55421 7752 996.76318 14.97085 1185 1002.75758 2.55612 187 
Ligo 50 1.0 1010.63661 9.02608 412 1031.15333 7.89611 977 1111.05943 8.51333 4683 999.60771 14.54517 1157 1002.75758 3.27807 241 
Ligo 50 1.0 1027.01574 8.71490 340 1063.53404 7.76767 957 1056.64454 10.02664 5310 996.60276 14.39640 1176 1002.75758 2.80648 208 
Ligo 50 1.0 1027.01574 7.73053 340 1047.71296 13.00999 1618 1059.81882 10.96915 5362 998.66908 14.38688 1154 1002.75758 2.54793 188 
Ligo 50 1.0 1027.01574 7.59673 340 1192.15445 4.54680 560 1102.70877 10.37840 5724 998.67205 14.57848 1159 1002.75758 2.70310 195 
Ligo 100 1.0 1774.48000 20.94093 480 1816.94809 21.66964 1909 1815.70000 16.56754 4372 1758.05564 51.56807 1635 1763.17667 10.67567 326 
Ligo 100 1.0 1774.48000 20.30990 480 1837.55667 11.62930 1018 1824.57670 21.13127 5437 1756.04097 55.08788 1695 1762.73613 25.36150 775 
Ligo 100 1.0 1774.48000 20.14336 480 1787.63377 43.90132 3863 1795.34191 26.81959 7082 1758.39633 51.91633 1652 1764.27612 8.48517 260 
Ligo 100 1.0 1774.48000 23.50364 480 1803.33388 33.71104 2933 1799.17194 30.12888 7935 1758.85991 50.19102 1635 1765.79000 15.66929 480 
Ligo 100 1.0 1774.48000 20.81310 480 1811.69888 27.19376 2431 1870.64273 9.39457 2441 1757.52960 49.32319 1643 1761.97520 16.13676 495 
Ligo 100 1.0 1774.48000 19.32313 480 1867.04296 13.96281 1214 1787.04336 48.52982 12541 1758.42230 54.29665 1760 1764.18000 17.11458 522 
Ligo 100 1.0 1774.48000 19.74313 480 1789.93333 24.02223 2154 1863.87112 20.45304 4864 1757.87409 50.41324 1676 1766.29000 8.60495 264 
Ligo 100 1.0 1774.48000 19.62336 480 1791.45047 31.32753 2583 1792.75000 16.84702 4425 1757.32177 50.76834 1670 1761.68333 20.24153 621 
Ligo 100 1.0 1774.48000 19.91765 480 1775.15969 48.22638 4255 1796.65003 17.38678 4519 1758.37589 49.34965 1626 1763.17667 19.41451 599 
Ligo 100 1.0 1774.48000 19.44046 480 1775.33000 39.19143 3445 1859.68336 28.34358 7189 1760.84680 51.24208 1637 1764.18000 15.46078 471 
gaussian 9 1.0 8.54243 1.25306 144 8.54250 1.17160 215 8.54243 0.34634 720 8.54243 1.20121 481 8.54243 0.18659 29 
gaussian 9 1.0 8.54243 1.26846 144 8.54243 1.13188 215 8.54243 0.34214 720 8.54243 1.19476 481 8.54243 0.19176 29 
gaussian 9 1.0 8.54243 1.20227 144 8.54243 1.12182 214 8.54243 0.34451 720 8.54243 1.18714 481 8.54243 0.18852 29 
gaussian 9 1.0 8.54243 1.22024 144 8.54243 1.14085 217 8.54243 0.34254 720 8.54243 1.20012 481 8.54243 0.18697 29 
gaussian 9 1.0 8.54243 1.24038 144 8.54243 1.15513 220 8.54243 0.35005 720 8.54243 1.19160 481 8.54243 0.18710 29 
gaussian 9 1.0 8.54243 1.20164 144 8.54243 1.12339 214 8.54243 0.34686 720 8.54243 1.19831 481 8.54243 0.18965 29 
gaussian 9 1.0 8.54243 1.70063 144 8.54250 3.05235 211 8.54243 0.56655 720 8.54243 1.18595 481 8.54243 0.18727 29 
gaussian 9 1.0 8.54243 1.21780 144 8.54243 1.17620 223 8.54243 0.35091 720 8.54243 1.19969 481 8.54243 0.19498 29 
gaussian 9 1.0 8.54243 1.38865 144 8.54243 1.34841 256 8.54243 0.35518 720 8.54243 1.19503 481 8.54243 0.18913 29 
gaussian 9 1.0 8.54243 1.22867 144 8.54243 1.20901 223 8.54243 0.34676 720 8.54243 1.18967 481 8.54243 0.18900 29 
gaussian 209 1.0 80.12632 80.18753 694 81.08198 77.63407 3279 84.02023 78.81814 6761 76.81232 176.61984 2385 78.06399 87.07853 1725 
gaussian 209 1.0 80.12632 82.62059 694 81.80848 219.61199 8979 83.43929 121.03309 10517 76.71793 182.33475 2383 77.98748 86.18977 1706 
gaussian 209 1.0 80.12632 82.63420 694 87.34763 82.06915 3303 82.83339 126.31928 10800 76.74369 187.72963 2409 79.56155 13.38991 263 
gaussian 209 1.0 80.12632 83.01411 694 84.39040 75.35415 2986 82.57317 198.47194 17202 76.56749 183.49465 2389 78.19355 62.35632 1232 
gaussian 209 1.0 80.12632 81.49116 694 83.14301 131.63142 4957 83.08466 146.13388 12523 76.47850 179.56477 2394 78.10582 54.73511 1081 
gaussian 209 1.0 80.12632 80.21301 694 82.80943 81.11089 3273 83.33741 158.84510 13904 76.59790 174.92819 2357 78.10565 89.79080 1788 
gaussian 209 1.0 80.12632 80.97466 694 85.73773 107.18081 4020 84.14875 93.87385 7965 76.74577 176.12654 2389 78.89424 37.81919 752 
gaussian 209 1.0 80.12632 79.46482 694 83.17339 85.25835 3495 82.87255 84.45158 7133 76.85766 186.78014 2386 77.65115 97.00103 1911 
gaussian 209 1.0 80.12632 80.93995 694 82.14408 95.43389 3722 83.87709 118.15608 10201 76.90647 183.46779 2359 79.51977 14.60989 289 
gaussian 209 1.0 80.12632 80.56568 694 84.69803 81.19199 3201 82.84445 163.44779 14106 76.53540 176.03956 2361 78.21135 55.98306 1099 
gaussian 324 1.0 123.43652 224.38094 864 128.32534 327.74468 8514 129.56670 286.27621 13255 119.61978 426.17862 3024 120.52911 179.29587 2011 
gaussian 324 1.0 123.43652 225.07062 864 131.90645 144.33000 3575 130.43825 371.19733 17087 119.72770 421.95093 3056 120.85458 235.10957 2633 
gaussian 324 1.0 123.43652 229.39925 864 130.61334 194.18353 4671 130.25030 264.65235 12288 120.05974 407.21076 2935 121.48766 148.52234 1669 
gaussian 324 1.0 123.43652 225.70296 864 132.23093 303.40983 7272 129.81612 251.33815 11683 120.01586 420.82394 2963 120.90063 218.36010 2450 
gaussian 324 1.0 123.43652 222.20273 864 133.50708 337.76506 8169 131.17582 240.26203 11160 118.88267 387.36897 2966 121.17023 184.02806 2053 
gaussian 324 1.0 123.43652 225.18517 864 130.80446 215.70645 5379 130.65946 261.74943 11958 119.89915 429.02098 2949 121.28031 187.37073 2097 
gaussian 324 1.0 123.43652 221.94272 864 130.45402 255.68551 6572 129.28277 329.08849 15362 120.09039 417.12104 2936 121.04756 125.19913 1405 
gaussian 324 1.0 123.43652 226.06115 864 133.84282 189.88143 4461 129.09880 265.36149 12391 119.83794 425.98369 2940 121.48829 131.40950 1476 
gaussian 324 1.0 123.43652 224.58164 864 128.14157 325.39321 8292 131.70328 253.89474 11366 119.20637 433.75746 3026 121.21342 158.25110 1776 
gaussian 324 1.0 123.43652 223.29290 864 129.83040 136.71602 3489 130.89567 373.78805 17286 119.91268 423.92366 2969 122.26644 46.21878 516 
fft 40 1.0 17.83966 6.26001 304 18.58139 5.01078 630 19.09230 2.80735 1664 16.85370 11.50361 1042 17.03180 2.58639 213 
fft 40 1.0 17.83966 6.38238 304 17.69415 8.63994 1107 18.09087 4.72018 2804 16.94264 12.37950 1084 17.03172 3.99019 337 
fft 40 1.0 17.56353 6.64537 325 17.17773 16.21026 1933 19.25543 2.55244 1518 16.81133 11.35071 1040 17.41661 2.57744 214 
fft 40 1.0 17.76805 11.76176 573 17.79186 10.76629 1344 19.03385 2.74262 1596 16.60289 11.25034 1039 17.03172 2.76886 230 
fft 40 1.0 17.67993 7.13843 353 18.20834 11.55069 1460 19.25543 2.61714 1518 16.97085 11.83881 1047 17.54404 1.64527 135 
fft 40 1.0 17.83966 6.26880 304 17.66980 17.15408 2022 18.60606 4.89132 2810 16.97439 11.74387 1059 17.54404 2.44846 204 
fft 40 1.0 17.83966 6.22511 304 18.28088 5.07054 661 18.67105 5.55428 3279 17.02546 11.33893 1029 17.56353 1.46588 120 
fft 40 1.0 17.83966 6.21697 304 17.35473 12.79458 1642 19.09237 4.38379 2559 16.63352 11.72931 1051 17.37446 1.94519 163 
fft 40 1.0 17.83966 6.12740 304 17.57873 5.06803 649 19.25543 2.54083 1518 16.80770 11.67665 1058 17.03172 4.28344 349 
fft 40 1.0 17.41189 11.31537 515 17.96234 7.34320 919 18.83973 4.44540 2595 16.75085 11.27042 1032 17.38273 2.46559 203 
fft 96 1.0 35.64892 19.76108 471 37.78413 18.16484 1411 35.72383 19.04254 4331 35.24159 49.50730 1623 35.64892 2.57241 95 
fft 96 1.0 35.64892 19.30808 471 37.27779 19.27075 1434 35.67460 15.48819 3767 35.26052 50.26100 1634 35.54469 7.21325 271 
fft 96 1.0 35.64892 19.48791 471 36.86139 28.80990 2160 35.89243 17.18340 4254 35.24250 50.96916 1624 35.49680 13.11328 490 
fft 96 1.0 35.64892 20.72242 471 36.27211 21.77731 1752 35.78226 17.89664 4361 35.20417 50.96933 1626 35.49084 11.57984 429 
fft 96 1.0 35.64892 20.03490 471 36.27377 19.63451 1524 35.89252 9.70905 2352 35.26527 55.05767 1797 35.52907 7.85569 293 
fft 96 1.0 35.64892 19.46164 471 36.09877 39.50827 3045 35.89252 9.79211 2352 35.22609 50.90327 1632 35.54007 5.77189 215 
fft 96 1.0 35.64892 19.30617 471 39.71597 10.42951 795 35.69391 18.37271 4498 35.16696 51.39930 1655 35.49680 6.82871 255 
fft 96 1.0 35.64892 20.32247 471 36.96138 29.20750 2269 35.89252 9.72103 2352 35.17324 55.15367 1795 35.51427 10.57591 397 
fft 96 1.0 35.64892 19.69573 471 36.20212 51.00019 4103 35.73958 9.83736 2365 35.20652 48.01419 1609 35.64892 2.55247 95 
fft 96 1.0 35.64892 21.28211 471 35.96057 45.57208 3718 35.89252 9.63005 2352 35.26464 50.42759 1645 35.54469 3.93325 149 
fft 224 1.0 72.35609 84.63328 719 72.74837 118.78666 5177 72.41973 130.13150 10978 71.92859 253.17658 2458 72.35609 14.59527 144 
fft 224 1.0 72.35609 85.04190 719 73.47726 72.44591 2948 73.06723 76.42219 6419 71.92172 255.16600 2516 72.28489 30.04134 296 
fft 224 1.0 72.35609 86.55398 719 73.11653 104.88804 4638 73.24163 86.54024 7253 71.98324 256.57816 2455 72.27926 84.30665 828 
fft 224 1.0 72.35609 86.07448 719 74.22593 63.60078 2562 73.27880 64.63348 5472 71.91895 262.49845 2507 72.31079 32.84030 323 
fft 224 1.0 72.35609 84.55800 719 74.23035 162.78427 6636 72.72903 115.69103 9921 72.01106 255.75686 2462 72.35609 14.58334 144 
fft 224 1.0 72.35609 84.21271 719 75.97156 118.80319 4616 72.98183 97.64348 8302 71.92938 257.28728 2506 72.27648 52.55745 518 
fft 224 1.0 72.35609 86.02895 719 73.61455 61.90364 2686 72.99858 61.21387 5201 71.91865 251.89944 2477 72.35609 14.61465 144 
fft 224 1.0 72.35609 84.97714 719 73.70337 80.59705 3327 72.94251 76.09592 6385 71.94608 248.33366 2461 72.31079 32.03003 315 
fft 224 1.0 72.35609 85.40117 719 73.72422 49.84934 2036 72.74823 102.42319 8582 71.99570 253.69847 2459 72.28766 28.88398 287 
fft 224 1.0 72.35609 87.26084 719 74.67907 66.07907 2628 72.89029 63.90918 5380 72.07054 259.83016 2466 72.27913 47.02452 464 
